1	H	1	1.00782503207	0.999885	1.00794
1	D	2	2.0141017778	0.000115	1.00794
1	T	3	3.0160492777	0	1.00794
1	H	4	4.02781	0	1.00794
1	H	5	5.03531	0	1.00794
1	H	6	6.04494	0	1.00794
1	H	7	7.05275	0	1.00794
2	He	3	3.0160293191	0.00000134	4.002602
2	He	4	4.00260325415	0.99999866	4.002602
2	He	5	5.012220	0	4.002602
2	He	6	6.0188891	0	4.002602
2	He	7	7.028021	0	4.002602
2	He	8	8.033922	0	4.002602
2	He	9	9.043950	0	4.002602
2	He	10	10.052400	0	4.002602
3	Li	3	3.03078	0	6.941
3	Li	4	4.02719	0	6.941
3	Li	5	5.012540	0	6.941
3	Li	6	6.015122795	0.0759	6.941
3	Li	7	7.01600455	0.9241	6.941
3	Li	8	8.02248736	0	6.941
3	Li	9	9.0267895	0	6.941
3	Li	10	10.035481	0	6.941
3	Li	11	11.043798	0	6.941
3	Li	12	12.05378	0	6.941
4	Be	5	5.04079	0	9.012182
4	Be	6	6.019726	0	9.012182
4	Be	7	7.01692983	0	9.012182
4	Be	8	8.00530510	0	9.012182
4	Be	9	9.0121822	1.0000	9.012182
4	Be	10	10.0135338	0	9.012182
4	Be	11	11.021658	0	9.012182
4	Be	12	12.026921	0	9.012182
4	Be	13	13.035690	0	9.012182
4	Be	14	14.04289	0	9.012182
4	Be	15	15.05346	0	9.012182
4	Be	16	16.06192	0	9.012182
5	B	6	6.04681	0	10.811
5	B	7	7.029920	0	10.811
5	B	8	8.0246072	0	10.811
5	B	9	9.0133288	0	10.811
5	B	10	10.0129370	0.199	10.811
5	B	11	11.0093054	0.801	10.811
5	B	12	12.0143521	0	10.811
5	B	13	13.0177802	0	10.811
5	B	14	14.025404	0	10.811
5	B	15	15.031103	0	10.811
5	B	16	16.039810	0	10.811
5	B	17	17.04699	0	10.811
5	B	18	18.05617	0	10.811
5	B	19	19.06373	0	10.811
6	C	8	8.037675	0	12.0107
6	C	9	9.0310367	0	12.0107
6	C	10	10.0168532	0	12.0107
6	C	11	11.0114336	0	12.0107
6	C	12	12.0000000	0.9893	12.0107
6	C	13	13.0033548378	0.0107	12.0107
6	C	14	14.003241989	0	12.0107
6	C	15	15.0105993	0	12.0107
6	C	16	16.014701	0	12.0107
6	C	17	17.022586	0	12.0107
6	C	18	18.026760	0	12.0107
6	C	19	19.03481	0	12.0107
6	C	20	20.04032	0	12.0107
6	C	21	21.04934	0	12.0107
6	C	22	22.05720	0	12.0107
7	N	10	10.04165	0	14.0067
7	N	11	11.026090	0	14.0067
7	N	12	12.0186132	0	14.0067
7	N	13	13.00573861	0	14.0067
7	N	14	14.0030740048	0.99636	14.0067
7	N	15	15.0001088982	0.00364	14.0067
7	N	16	16.0061017	0	14.0067
7	N	17	17.008450	0	14.0067
7	N	18	18.014079	0	14.0067
7	N	19	19.017029	0	14.0067
7	N	20	20.023370	0	14.0067
7	N	21	21.02711	0	14.0067
7	N	22	22.03439	0	14.0067
7	N	23	23.04122	0	14.0067
7	N	24	24.05104	0	14.0067
7	N	25	25.06066	0	14.0067
8	O	12	12.034405	0	15.9994
8	O	13	13.024812	0	15.9994
8	O	14	14.00859625	0	15.9994
8	O	15	15.0030656	0	15.9994
8	O	16	15.99491461956	0.99757	15.9994
8	O	17	16.99913170	0.00038	15.9994
8	O	18	17.9991610	0.00205	15.9994
8	O	19	19.003580	0	15.9994
8	O	20	20.0040767	0	15.9994
8	O	21	21.008656	0	15.9994
8	O	22	22.009970	0	15.9994
8	O	23	23.01569	0	15.9994
8	O	24	24.02047	0	15.9994
8	O	25	25.02946	0	15.9994
8	O	26	26.03834	0	15.9994
8	O	27	27.04826	0	15.9994
8	O	28	28.05781	0	15.9994
9	F	14	14.03506	0	18.9984032
9	F	15	15.01801	0	18.9984032
9	F	16	16.011466	0	18.9984032
9	F	17	17.00209524	0	18.9984032
9	F	18	18.0009380	0	18.9984032
9	F	19	18.99840322	1.0000	18.9984032
9	F	20	19.99998132	0	18.9984032
9	F	21	20.9999490	0	18.9984032
9	F	22	22.002999	0	18.9984032
9	F	23	23.003570	0	18.9984032
9	F	24	24.008120	0	18.9984032
9	F	25	25.01210	0	18.9984032
9	F	26	26.01962	0	18.9984032
9	F	27	27.02676	0	18.9984032
9	F	28	28.03567	0	18.9984032
9	F	29	29.04326	0	18.9984032
9	F	30	30.05250	0	18.9984032
9	F	31	31.06043	0	18.9984032
10	Ne	16	16.025761	0	20.1797
10	Ne	17	17.017672	0	20.1797
10	Ne	18	18.0057082	0	20.1797
10	Ne	19	19.0018802	0	20.1797
10	Ne	20	19.9924401754	0.9048	20.1797
10	Ne	21	20.99384668	0.0027	20.1797
10	Ne	22	21.991385114	0.0925	20.1797
10	Ne	23	22.99446690	0	20.1797
10	Ne	24	23.9936108	0	20.1797
10	Ne	25	24.997737	0	20.1797
10	Ne	26	26.000461	0	20.1797
10	Ne	27	27.00759	0	20.1797
10	Ne	28	28.01207	0	20.1797
10	Ne	29	29.01939	0	20.1797
10	Ne	30	30.02480	0	20.1797
10	Ne	31	31.03311	0	20.1797
10	Ne	32	32.04002	0	20.1797
10	Ne	33	33.04938	0	20.1797
10	Ne	34	34.05703	0	20.1797
11	Na	18	18.025970	0	22.98976928
11	Na	19	19.013877	0	22.98976928
11	Na	20	20.007351	0	22.98976928
11	Na	21	20.9976552	0	22.98976928
11	Na	22	21.9944364	0	22.98976928
11	Na	23	22.9897692809	1.0000	22.98976928
11	Na	24	23.99096278	0	22.98976928
11	Na	25	24.9899540	0	22.98976928
11	Na	26	25.992633	0	22.98976928
11	Na	27	26.994077	0	22.98976928
11	Na	28	27.998938	0	22.98976928
11	Na	29	29.002861	0	22.98976928
11	Na	30	30.008976	0	22.98976928
11	Na	31	31.01359	0	22.98976928
11	Na	32	32.02047	0	22.98976928
11	Na	33	33.02672	0	22.98976928
11	Na	34	34.03517	0	22.98976928
11	Na	35	35.04249	0	22.98976928
11	Na	36	36.05148	0	22.98976928
11	Na	37	37.05934	0	22.98976928
12	Mg	19	19.03547	0	24.3050
12	Mg	20	20.018863	0	24.3050
12	Mg	21	21.011713	0	24.3050
12	Mg	22	21.9995738	0	24.3050
12	Mg	23	22.9941237	0	24.3050
12	Mg	24	23.985041700	0.7899	24.3050
12	Mg	25	24.98583692	0.1000	24.3050
12	Mg	26	25.982592929	0.1101	24.3050
12	Mg	27	26.98434059	0	24.3050
12	Mg	28	27.9838768	0	24.3050
12	Mg	29	28.988600	0	24.3050
12	Mg	30	29.990434	0	24.3050
12	Mg	31	30.996546	0	24.3050
12	Mg	32	31.998975	0	24.3050
12	Mg	33	33.005254	0	24.3050
12	Mg	34	34.00946	0	24.3050
12	Mg	35	35.01734	0	24.3050
12	Mg	36	36.02300	0	24.3050
12	Mg	37	37.03140	0	24.3050
12	Mg	38	38.03757	0	24.3050
12	Mg	39	39.04677	0	24.3050
12	Mg	40	40.05393	0	24.3050
13	Al	21	21.02804	0	26.9815386
13	Al	22	22.01952	0	26.9815386
13	Al	23	23.007267	0	26.9815386
13	Al	24	23.9999389	0	26.9815386
13	Al	25	24.9904281	0	26.9815386
13	Al	26	25.98689169	0	26.9815386
13	Al	27	26.98153863	1.0000	26.9815386
13	Al	28	27.98191031	0	26.9815386
13	Al	29	28.9804450	0	26.9815386
13	Al	30	29.982960	0	26.9815386
13	Al	31	30.983947	0	26.9815386
13	Al	32	31.988120	0	26.9815386
13	Al	33	32.990840	0	26.9815386
13	Al	34	33.99685	0	26.9815386
13	Al	35	34.99986	0	26.9815386
13	Al	36	36.00621	0	26.9815386
13	Al	37	37.01068	0	26.9815386
13	Al	38	38.01723	0	26.9815386
13	Al	39	39.02297	0	26.9815386
13	Al	40	40.03145	0	26.9815386
13	Al	41	41.03833	0	26.9815386
13	Al	42	42.04689	0	26.9815386
14	Si	22	22.03453	0	28.0855
14	Si	23	23.02552	0	28.0855
14	Si	24	24.011546	0	28.0855
14	Si	25	25.004106	0	28.0855
14	Si	26	25.992330	0	28.0855
14	Si	27	26.98670491	0	28.0855
14	Si	28	27.9769265325	0.92223	28.0855
14	Si	29	28.976494700	0.04685	28.0855
14	Si	30	29.97377017	0.03092	28.0855
14	Si	31	30.97536323	0	28.0855
14	Si	32	31.97414808	0	28.0855
14	Si	33	32.978000	0	28.0855
14	Si	34	33.978576	0	28.0855
14	Si	35	34.984580	0	28.0855
14	Si	36	35.98660	0	28.0855
14	Si	37	36.99294	0	28.0855
14	Si	38	37.99563	0	28.0855
14	Si	39	39.00207	0	28.0855
14	Si	40	40.00587	0	28.0855
14	Si	41	41.01456	0	28.0855
14	Si	42	42.01979	0	28.0855
14	Si	43	43.02866	0	28.0855
14	Si	44	44.03526	0	28.0855
15	P	24	24.03435	0	30.973762
15	P	25	25.02026	0	30.973762
15	P	26	26.01178	0	30.973762
15	P	27	26.999230	0	30.973762
15	P	28	27.992315	0	30.973762
15	P	29	28.9818006	0	30.973762
15	P	30	29.9783138	0	30.973762
15	P	31	30.97376163	1.0000	30.973762
15	P	32	31.97390727	0	30.973762
15	P	33	32.9717255	0	30.973762
15	P	34	33.973636	0	30.973762
15	P	35	34.9733141	0	30.973762
15	P	36	35.978260	0	30.973762
15	P	37	36.979610	0	30.973762
15	P	38	37.98416	0	30.973762
15	P	39	38.98618	0	30.973762
15	P	40	39.99130	0	30.973762
15	P	41	40.99434	0	30.973762
15	P	42	42.00101	0	30.973762
15	P	43	43.00619	0	30.973762
15	P	44	44.01299	0	30.973762
15	P	45	45.01922	0	30.973762
15	P	46	46.02738	0	30.973762
16	S	26	26.02788	0	32.065
16	S	27	27.01883	0	32.065
16	S	28	28.00437	0	32.065
16	S	29	28.996610	0	32.065
16	S	30	29.984903	0	32.065
16	S	31	30.9795547	0	32.065
16	S	32	31.97207100	0.9499	32.065
16	S	33	32.97145876	0.0075	32.065
16	S	34	33.96786690	0.0425	32.065
16	S	35	34.96903216	0	32.065
16	S	36	35.96708076	0.0001	32.065
16	S	37	36.97112557	0	32.065
16	S	38	37.971163	0	32.065
16	S	39	38.975130	0	32.065
16	S	40	39.97545	0	32.065
16	S	41	40.97958	0	32.065
16	S	42	41.98102	0	32.065
16	S	43	42.98715	0	32.065
16	S	44	43.99021	0	32.065
16	S	45	44.99651	0	32.065
16	S	46	46.00075	0	32.065
16	S	47	47.00859	0	32.065
16	S	48	48.01417	0	32.065
16	S	49	49.02362	0	32.065
17	Cl	28	28.02851	0	35.453
17	Cl	29	29.01411	0	35.453
17	Cl	30	30.00477	0	35.453
17	Cl	31	30.992410	0	35.453
17	Cl	32	31.985690	0	35.453
17	Cl	33	32.9774519	0	35.453
17	Cl	34	33.97376282	0	35.453
17	Cl	35	34.96885268	0.7576	35.453
17	Cl	36	35.96830698	0	35.453
17	Cl	37	36.96590259	0.2424	35.453
17	Cl	38	37.96801043	0	35.453
17	Cl	39	38.9680082	0	35.453
17	Cl	40	39.970420	0	35.453
17	Cl	41	40.970680	0	35.453
17	Cl	42	41.97325	0	35.453
17	Cl	43	42.97405	0	35.453
17	Cl	44	43.97828	0	35.453
17	Cl	45	44.98029	0	35.453
17	Cl	46	45.98421	0	35.453
17	Cl	47	46.98871	0	35.453
17	Cl	48	47.99495	0	35.453
17	Cl	49	49.00032	0	35.453
17	Cl	50	50.00784	0	35.453
17	Cl	51	51.01449	0	35.453
18	Ar	30	30.02156	0	39.948
18	Ar	31	31.01212	0	39.948
18	Ar	32	31.9976380	0	39.948
18	Ar	33	32.9899257	0	39.948
18	Ar	34	33.9802712	0	39.948
18	Ar	35	34.9752576	0	39.948
18	Ar	36	35.967545106	0.003365	39.948
18	Ar	37	36.96677632	0	39.948
18	Ar	38	37.9627324	0.000632	39.948
18	Ar	39	38.964313	0	39.948
18	Ar	40	39.9623831225	0.996003	39.948
18	Ar	41	40.9645006	0	39.948
18	Ar	42	41.963046	0	39.948
18	Ar	43	42.965636	0	39.948
18	Ar	44	43.9649240	0	39.948
18	Ar	45	44.9680400	0	39.948
18	Ar	46	45.968090	0	39.948
18	Ar	47	46.97219	0	39.948
18	Ar	48	47.97454	0	39.948
18	Ar	49	48.98052	0	39.948
18	Ar	50	49.98443	0	39.948
18	Ar	51	50.99163	0	39.948
18	Ar	52	51.99678	0	39.948
18	Ar	53	53.00494	0	39.948
19	K	32	32.02192	0	39.0983
19	K	33	33.00726	0	39.0983
19	K	34	33.99841	0	39.0983
19	K	35	34.988010	0	39.0983
19	K	36	35.981292	0	39.0983
19	K	37	36.97337589	0	39.0983
19	K	38	37.9690812	0	39.0983
19	K	39	38.96370668	0.932581	39.0983
19	K	40	39.96399848	0.000117	39.0983
19	K	41	40.96182576	0.067302	39.0983
19	K	42	41.96240281	0	39.0983
19	K	43	42.960716	0	39.0983
19	K	44	43.961560	0	39.0983
19	K	45	44.960699	0	39.0983
19	K	46	45.961977	0	39.0983
19	K	47	46.961678	0	39.0983
19	K	48	47.965514	0	39.0983
19	K	49	48.967450	0	39.0983
19	K	50	49.97278	0	39.0983
19	K	51	50.97638	0	39.0983
19	K	52	51.98261	0	39.0983
19	K	53	52.98712	0	39.0983
19	K	54	53.99420	0	39.0983
19	K	55	54.99971	0	39.0983
20	Ca	34	34.01412	0	40.078
20	Ca	35	35.00494	0	40.078
20	Ca	36	35.993090	0	40.078
20	Ca	37	36.985870	0	40.078
20	Ca	38	37.976318	0	40.078
20	Ca	39	38.9707197	0	40.078
20	Ca	40	39.96259098	0.96941	40.078
20	Ca	41	40.96227806	0	40.078
20	Ca	42	41.95861801	0.00647	40.078
20	Ca	43	42.9587666	0.00135	40.078
20	Ca	44	43.9554818	0.02086	40.078
20	Ca	45	44.9561866	0	40.078
20	Ca	46	45.9536926	0.00004	40.078
20	Ca	47	46.9545460	0	40.078
20	Ca	48	47.952534	0.00187	40.078
20	Ca	49	48.955674	0	40.078
20	Ca	50	49.957519	0	40.078
20	Ca	51	50.96150	0	40.078
20	Ca	52	51.96510	0	40.078
20	Ca	53	52.97005	0	40.078
20	Ca	54	53.97435	0	40.078
20	Ca	55	54.98055	0	40.078
20	Ca	56	55.98557	0	40.078
20	Ca	57	56.99236	0	40.078
21	Sc	36	36.01492	0	44.955912
21	Sc	37	37.00305	0	44.955912
21	Sc	38	37.99470	0	44.955912
21	Sc	39	38.984790	0	44.955912
21	Sc	40	39.977967	0	44.955912
21	Sc	41	40.96925113	0	44.955912
21	Sc	42	41.96551643	0	44.955912
21	Sc	43	42.9611507	0	44.955912
21	Sc	44	43.9594028	0	44.955912
21	Sc	45	44.9559119	1.0000	44.955912
21	Sc	46	45.9551719	0	44.955912
21	Sc	47	46.9524075	0	44.955912
21	Sc	48	47.952231	0	44.955912
21	Sc	49	48.950024	0	44.955912
21	Sc	50	49.952188	0	44.955912
21	Sc	51	50.953603	0	44.955912
21	Sc	52	51.95668	0	44.955912
21	Sc	53	52.95961	0	44.955912
21	Sc	54	53.96326	0	44.955912
21	Sc	55	54.96824	0	44.955912
21	Sc	56	55.97287	0	44.955912
21	Sc	57	56.97779	0	44.955912
21	Sc	58	57.98371	0	44.955912
21	Sc	59	58.98922	0	44.955912
21	Sc	60	59.99571	0	44.955912
22	Ti	38	38.00977	0	47.867
22	Ti	39	39.00161	0	47.867
22	Ti	40	39.99050	0	47.867
22	Ti	41	40.98315	0	47.867
22	Ti	42	41.973031	0	47.867
22	Ti	43	42.968522	0	47.867
22	Ti	44	43.9596901	0	47.867
22	Ti	45	44.9581256	0	47.867
22	Ti	46	45.9526316	0.0825	47.867
22	Ti	47	46.9517631	0.0744	47.867
22	Ti	48	47.9479463	0.7372	47.867
22	Ti	49	48.9478700	0.0541	47.867
22	Ti	50	49.9447912	0.0518	47.867
22	Ti	51	50.9466150	0	47.867
22	Ti	52	51.946897	0	47.867
22	Ti	53	52.94973	0	47.867
22	Ti	54	53.95105	0	47.867
22	Ti	55	54.95527	0	47.867
22	Ti	56	55.95820	0	47.867
22	Ti	57	56.96399	0	47.867
22	Ti	58	57.96697	0	47.867
22	Ti	59	58.97293	0	47.867
22	Ti	60	59.97676	0	47.867
22	Ti	61	60.98320	0	47.867
22	Ti	62	61.98749	0	47.867
22	Ti	63	62.99442	0	47.867
23	V	40	40.01109	0	50.9415
23	V	41	40.99978	0	50.9415
23	V	42	41.99123	0	50.9415
23	V	43	42.98065	0	50.9415
23	V	44	43.97411	0	50.9415
23	V	45	44.965776	0	50.9415
23	V	46	45.9602005	0	50.9415
23	V	47	46.9549089	0	50.9415
23	V	48	47.9522537	0	50.9415
23	V	49	48.9485161	0	50.9415
23	V	50	49.9471585	0.00250	50.9415
23	V	51	50.9439595	0.99750	50.9415
23	V	52	51.9447755	0	50.9415
23	V	53	52.944338	0	50.9415
23	V	54	53.946440	0	50.9415
23	V	55	54.94723	0	50.9415
23	V	56	55.95053	0	50.9415
23	V	57	56.95256	0	50.9415
23	V	58	57.95683	0	50.9415
23	V	59	58.96021	0	50.9415
23	V	60	59.96503	0	50.9415
23	V	61	60.96848	0	50.9415
23	V	62	61.97378	0	50.9415
23	V	63	62.97755	0	50.9415
23	V	64	63.98347	0	50.9415
23	V	65	64.98792	0	50.9415
24	Cr	42	42.00643	0	51.9961
24	Cr	43	42.99771	0	51.9961
24	Cr	44	43.985550	0	51.9961
24	Cr	45	44.97964	0	51.9961
24	Cr	46	45.968359	0	51.9961
24	Cr	47	46.962900	0	51.9961
24	Cr	48	47.954032	0	51.9961
24	Cr	49	48.9513357	0	51.9961
24	Cr	50	49.9460442	0.04345	51.9961
24	Cr	51	50.9447674	0	51.9961
24	Cr	52	51.9405075	0.83789	51.9961
24	Cr	53	52.9406494	0.09501	51.9961
24	Cr	54	53.9388804	0.02365	51.9961
24	Cr	55	54.9408397	0	51.9961
24	Cr	56	55.9406531	0	51.9961
24	Cr	57	56.9436130	0	51.9961
24	Cr	58	57.94435	0	51.9961
24	Cr	59	58.94859	0	51.9961
24	Cr	60	59.95008	0	51.9961
24	Cr	61	60.95472	0	51.9961
24	Cr	62	61.95661	0	51.9961
24	Cr	63	62.96186	0	51.9961
24	Cr	64	63.96441	0	51.9961
24	Cr	65	64.97016	0	51.9961
24	Cr	66	65.97338	0	51.9961
24	Cr	67	66.97955	0	51.9961
25	Mn	44	44.00687	0	54.938045
25	Mn	45	44.99451	0	54.938045
25	Mn	46	45.98672	0	54.938045
25	Mn	47	46.97610	0	54.938045
25	Mn	48	47.96852	0	54.938045
25	Mn	49	48.959618	0	54.938045
25	Mn	50	49.9542382	0	54.938045
25	Mn	51	50.9482108	0	54.938045
25	Mn	52	51.9455655	0	54.938045
25	Mn	53	52.9412901	0	54.938045
25	Mn	54	53.9403589	0	54.938045
25	Mn	55	54.9380451	1.0000	54.938045
25	Mn	56	55.9389049	0	54.938045
25	Mn	57	56.9382854	0	54.938045
25	Mn	58	57.939980	0	54.938045
25	Mn	59	58.940440	0	54.938045
25	Mn	60	59.942910	0	54.938045
25	Mn	61	60.94465	0	54.938045
25	Mn	62	61.94843	0	54.938045
25	Mn	63	62.95024	0	54.938045
25	Mn	64	63.95425	0	54.938045
25	Mn	65	64.95634	0	54.938045
25	Mn	66	65.96108	0	54.938045
25	Mn	67	66.96414	0	54.938045
25	Mn	68	67.96930	0	54.938045
25	Mn	69	68.97284	0	54.938045
26	Fe	45	45.01458	0	55.845
26	Fe	46	46.00081	0	55.845
26	Fe	47	46.99289	0	55.845
26	Fe	48	47.980500	0	55.845
26	Fe	49	48.97361	0	55.845
26	Fe	50	49.962990	0	55.845
26	Fe	51	50.956820	0	55.845
26	Fe	52	51.948114	0	55.845
26	Fe	53	52.9453079	0	55.845
26	Fe	54	53.9396105	0.05845	55.845
26	Fe	55	54.9382934	0	55.845
26	Fe	56	55.9349375	0.91754	55.845
26	Fe	57	56.9353940	0.02119	55.845
26	Fe	58	57.9332756	0.00282	55.845
26	Fe	59	58.9348755	0	55.845
26	Fe	60	59.934072	0	55.845
26	Fe	61	60.936745	0	55.845
26	Fe	62	61.936767	0	55.845
26	Fe	63	62.94037	0	55.845
26	Fe	64	63.94120	0	55.845
26	Fe	65	64.94538	0	55.845
26	Fe	66	65.94678	0	55.845
26	Fe	67	66.95095	0	55.845
26	Fe	68	67.95370	0	55.845
26	Fe	69	68.95878	0	55.845
26	Fe	70	69.96146	0	55.845
26	Fe	71	70.96672	0	55.845
26	Fe	72	71.96962	0	55.845
27	Co	47	47.01149	0	58.933195
27	Co	48	48.00176	0	58.933195
27	Co	49	48.98972	0	58.933195
27	Co	50	49.98154	0	58.933195
27	Co	51	50.97072	0	58.933195
27	Co	52	51.963590	0	58.933195
27	Co	53	52.954219	0	58.933195
27	Co	54	53.9484596	0	58.933195
27	Co	55	54.9419990	0	58.933195
27	Co	56	55.9398393	0	58.933195
27	Co	57	56.9362914	0	58.933195
27	Co	58	57.9357528	0	58.933195
27	Co	59	58.9331950	1.0000	58.933195
27	Co	60	59.9338171	0	58.933195
27	Co	61	60.9324758	0	58.933195
27	Co	62	61.934051	0	58.933195
27	Co	63	62.933612	0	58.933195
27	Co	64	63.935810	0	58.933195
27	Co	65	64.936478	0	58.933195
27	Co	66	65.93976	0	58.933195
27	Co	67	66.94089	0	58.933195
27	Co	68	67.94487	0	58.933195
27	Co	69	68.94632	0	58.933195
27	Co	70	69.95100	0	58.933195
27	Co	71	70.95290	0	58.933195
27	Co	72	71.95781	0	58.933195
27	Co	73	72.96024	0	58.933195
27	Co	74	73.96538	0	58.933195
27	Co	75	74.96833	0	58.933195
28	Ni	48	48.01975	0	58.6934
28	Ni	49	49.00966	0	58.6934
28	Ni	50	49.99593	0	58.6934
28	Ni	51	50.98772	0	58.6934
28	Ni	52	51.975680	0	58.6934
28	Ni	53	52.96847	0	58.6934
28	Ni	54	53.957910	0	58.6934
28	Ni	55	54.951330	0	58.6934
28	Ni	56	55.942132	0	58.6934
28	Ni	57	56.9397935	0	58.6934
28	Ni	58	57.9353429	0.680769	58.6934
28	Ni	59	58.9343467	0	58.6934
28	Ni	60	59.9307864	0.262231	58.6934
28	Ni	61	60.9310560	0.011399	58.6934
28	Ni	62	61.9283451	0.036345	58.6934
28	Ni	63	62.9296694	0	58.6934
28	Ni	64	63.9279660	0.009256	58.6934
28	Ni	65	64.9300843	0	58.6934
28	Ni	66	65.9291393	0	58.6934
28	Ni	67	66.931569	0	58.6934
28	Ni	68	67.931869	0	58.6934
28	Ni	69	68.935610	0	58.6934
28	Ni	70	69.93650	0	58.6934
28	Ni	71	70.94074	0	58.6934
28	Ni	72	71.94209	0	58.6934
28	Ni	73	72.94647	0	58.6934
28	Ni	74	73.94807	0	58.6934
28	Ni	75	74.95287	0	58.6934
28	Ni	76	75.95533	0	58.6934
28	Ni	77	76.96055	0	58.6934
28	Ni	78	77.96318	0	58.6934
29	Cu	52	51.99718	0	63.546
29	Cu	53	52.98555	0	63.546
29	Cu	54	53.97671	0	63.546
29	Cu	55	54.96605	0	63.546
29	Cu	56	55.95856	0	63.546
29	Cu	57	56.949211	0	63.546
29	Cu	58	57.9445385	0	63.546
29	Cu	59	58.9394980	0	63.546
29	Cu	60	59.9373650	0	63.546
29	Cu	61	60.9334578	0	63.546
29	Cu	62	61.932584	0	63.546
29	Cu	63	62.9295975	0.6915	63.546
29	Cu	64	63.9297642	0	63.546
29	Cu	65	64.9277895	0.3085	63.546
29	Cu	66	65.9288688	0	63.546
29	Cu	67	66.9277303	0	63.546
29	Cu	68	67.9296109	0	63.546
29	Cu	69	68.9294293	0	63.546
29	Cu	70	69.9323923	0	63.546
29	Cu	71	70.9326768	0	63.546
29	Cu	72	71.9358203	0	63.546
29	Cu	73	72.936675	0	63.546
29	Cu	74	73.939875	0	63.546
29	Cu	75	74.94190	0	63.546
29	Cu	76	75.945275	0	63.546
29	Cu	77	76.94785	0	63.546
29	Cu	78	77.95196	0	63.546
29	Cu	79	78.95456	0	63.546
29	Cu	80	79.96087	0	63.546
30	Zn	54	53.99295	0	65.38
30	Zn	55	54.98398	0	65.38
30	Zn	56	55.97238	0	65.38
30	Zn	57	56.96479	0	65.38
30	Zn	58	57.954590	0	65.38
30	Zn	59	58.949260	0	65.38
30	Zn	60	59.941827	0	65.38
30	Zn	61	60.939511	0	65.38
30	Zn	62	61.934330	0	65.38
30	Zn	63	62.9332116	0	65.38
30	Zn	64	63.9291422	0.48268	65.38
30	Zn	65	64.9292410	0	65.38
30	Zn	66	65.9260334	0.27975	65.38
30	Zn	67	66.9271273	0.04102	65.38
30	Zn	68	67.9248442	0.19024	65.38
30	Zn	69	68.9265503	0	65.38
30	Zn	70	69.9253193	0.00631	65.38
30	Zn	71	70.927722	0	65.38
30	Zn	72	71.926858	0	65.38
30	Zn	73	72.929780	0	65.38
30	Zn	74	73.929460	0	65.38
30	Zn	75	74.932940	0	65.38
30	Zn	76	75.933290	0	65.38
30	Zn	77	76.93696	0	65.38
30	Zn	78	77.93844	0	65.38
30	Zn	79	78.94265	0	65.38
30	Zn	80	79.94434	0	65.38
30	Zn	81	80.95048	0	65.38
30	Zn	82	81.95442	0	65.38
30	Zn	83	82.96103	0	65.38
31	Ga	56	55.99491	0	69.723
31	Ga	57	56.98293	0	69.723
31	Ga	58	57.97425	0	69.723
31	Ga	59	58.96337	0	69.723
31	Ga	60	59.95706	0	69.723
31	Ga	61	60.949450	0	69.723
31	Ga	62	61.944175	0	69.723
31	Ga	63	62.9392942	0	69.723
31	Ga	64	63.9368387	0	69.723
31	Ga	65	64.9327348	0	69.723
31	Ga	66	65.931589	0	69.723
31	Ga	67	66.9282017	0	69.723
31	Ga	68	67.9279801	0	69.723
31	Ga	69	68.9255736	0.60108	69.723
31	Ga	70	69.9260220	0	69.723
31	Ga	71	70.9247013	0.39892	69.723
31	Ga	72	71.9263663	0	69.723
31	Ga	73	72.9251747	0	69.723
31	Ga	74	73.926946	0	69.723
31	Ga	75	74.9265002	0	69.723
31	Ga	76	75.9288276	0	69.723
31	Ga	77	76.9291543	0	69.723
31	Ga	78	77.9316082	0	69.723
31	Ga	79	78.93289	0	69.723
31	Ga	80	79.93652	0	69.723
31	Ga	81	80.93775	0	69.723
31	Ga	82	81.94299	0	69.723
31	Ga	83	82.94698	0	69.723
31	Ga	84	83.95265	0	69.723
31	Ga	85	84.95700	0	69.723
31	Ga	86	85.96312	0	69.723
32	Ge	58	57.99101	0	72.64
32	Ge	59	58.98175	0	72.64
32	Ge	60	59.97019	0	72.64
32	Ge	61	60.96379	0	72.64
32	Ge	62	61.95465	0	72.64
32	Ge	63	62.94964	0	72.64
32	Ge	64	63.941650	0	72.64
32	Ge	65	64.93944	0	72.64
32	Ge	66	65.933840	0	72.64
32	Ge	67	66.932734	0	72.64
32	Ge	68	67.928094	0	72.64
32	Ge	69	68.9279645	0	72.64
32	Ge	70	69.9242474	0.2038	72.64
32	Ge	71	70.9249510	0	72.64
32	Ge	72	71.9220758	0.2731	72.64
32	Ge	73	72.9234589	0.0776	72.64
32	Ge	74	73.9211778	0.3672	72.64
32	Ge	75	74.9228589	0	72.64
32	Ge	76	75.9214026	0.0783	72.64
32	Ge	77	76.9235486	0	72.64
32	Ge	78	77.922853	0	72.64
32	Ge	79	78.92540	0	72.64
32	Ge	80	79.925370	0	72.64
32	Ge	81	80.92882	0	72.64
32	Ge	82	81.92955	0	72.64
32	Ge	83	82.93462	0	72.64
32	Ge	84	83.93747	0	72.64
32	Ge	85	84.94303	0	72.64
32	Ge	86	85.94649	0	72.64
32	Ge	87	86.95251	0	72.64
32	Ge	88	87.95691	0	72.64
32	Ge	89	88.96383	0	72.64
33	As	60	59.99313	0	74.92160
33	As	61	60.98062	0	74.92160
33	As	62	61.97320	0	74.92160
33	As	63	62.96369	0	74.92160
33	As	64	63.95757	0	74.92160
33	As	65	64.94956	0	74.92160
33	As	66	65.94471	0	74.92160
33	As	67	66.93919	0	74.92160
33	As	68	67.936770	0	74.92160
33	As	69	68.932270	0	74.92160
33	As	70	69.930920	0	74.92160
33	As	71	70.927112	0	74.92160
33	As	72	71.926752	0	74.92160
33	As	73	72.923825	0	74.92160
33	As	74	73.9239287	0	74.92160
33	As	75	74.9215965	1.0000	74.92160
33	As	76	75.9223940	0	74.92160
33	As	77	76.9206473	0	74.92160
33	As	78	77.921827	0	74.92160
33	As	79	78.920948	0	74.92160
33	As	80	79.922534	0	74.92160
33	As	81	80.922132	0	74.92160
33	As	82	81.92450	0	74.92160
33	As	83	82.92498	0	74.92160
33	As	84	83.92906	0	74.92160
33	As	85	84.93202	0	74.92160
33	As	86	85.93650	0	74.92160
33	As	87	86.93990	0	74.92160
33	As	88	87.94494	0	74.92160
33	As	89	88.94939	0	74.92160
33	As	90	89.95550	0	74.92160
33	As	91	90.96043	0	74.92160
33	As	92	91.96680	0	74.92160
34	Se	65	64.96466	0	78.96
34	Se	66	65.95521	0	78.96
34	Se	67	66.95009	0	78.96
34	Se	68	67.941800	0	78.96
34	Se	69	68.939560	0	78.96
34	Se	70	69.933390	0	78.96
34	Se	71	70.932240	0	78.96
34	Se	72	71.927112	0	78.96
34	Se	73	72.926765	0	78.96
34	Se	74	73.9224764	0.0089	78.96
34	Se	75	74.9225234	0	78.96
34	Se	76	75.9192136	0.0937	78.96
34	Se	77	76.9199140	0.0763	78.96
34	Se	78	77.9173091	0.2377	78.96
34	Se	79	78.9184991	0	78.96
34	Se	80	79.9165213	0.4961	78.96
34	Se	81	80.9179925	0	78.96
34	Se	82	81.9166994	0.0873	78.96
34	Se	83	82.919118	0	78.96
34	Se	84	83.918462	0	78.96
34	Se	85	84.922250	0	78.96
34	Se	86	85.924272	0	78.96
34	Se	87	86.928520	0	78.96
34	Se	88	87.931420	0	78.96
34	Se	89	88.93645	0	78.96
34	Se	90	89.93996	0	78.96
34	Se	91	90.94596	0	78.96
34	Se	92	91.94992	0	78.96
34	Se	93	92.95629	0	78.96
34	Se	94	93.96049	0	78.96
35	Br	67	66.96479	0	79.904
35	Br	68	67.95852	0	79.904
35	Br	69	68.95011	0	79.904
35	Br	70	69.94479	0	79.904
35	Br	71	70.93874	0	79.904
35	Br	72	71.936640	0	79.904
35	Br	73	72.931690	0	79.904
35	Br	74	73.929891	0	79.904
35	Br	75	74.925776	0	79.904
35	Br	76	75.924541	0	79.904
35	Br	77	76.921379	0	79.904
35	Br	78	77.921146	0	79.904
35	Br	79	78.9183371	0.5069	79.904
35	Br	80	79.9185293	0	79.904
35	Br	81	80.9162906	0.4931	79.904
35	Br	82	81.9168041	0	79.904
35	Br	83	82.915180	0	79.904
35	Br	84	83.916479	0	79.904
35	Br	85	84.915608	0	79.904
35	Br	86	85.918798	0	79.904
35	Br	87	86.920711	0	79.904
35	Br	88	87.924070	0	79.904
35	Br	89	88.926390	0	79.904
35	Br	90	89.930630	0	79.904
35	Br	91	90.933970	0	79.904
35	Br	92	91.939260	0	79.904
35	Br	93	92.94305	0	79.904
35	Br	94	93.94868	0	79.904
35	Br	95	94.95287	0	79.904
35	Br	96	95.95853	0	79.904
35	Br	97	96.96280	0	79.904
36	Kr	69	68.96518	0	83.798
36	Kr	70	69.95526	0	83.798
36	Kr	71	70.94963	0	83.798
36	Kr	72	71.942092	0	83.798
36	Kr	73	72.939289	0	83.798
36	Kr	74	73.9330844	0	83.798
36	Kr	75	74.930946	0	83.798
36	Kr	76	75.925910	0	83.798
36	Kr	77	76.9246700	0	83.798
36	Kr	78	77.9203648	0.00355	83.798
36	Kr	79	78.920082	0	83.798
36	Kr	80	79.9163790	0.02286	83.798
36	Kr	81	80.9165920	0	83.798
36	Kr	82	81.9134836	0.11593	83.798
36	Kr	83	82.914136	0.11500	83.798
36	Kr	84	83.911507	0.56987	83.798
36	Kr	85	84.9125273	0	83.798
36	Kr	86	85.91061073	0.17279	83.798
36	Kr	87	86.91335486	0	83.798
36	Kr	88	87.914447	0	83.798
36	Kr	89	88.917630	0	83.798
36	Kr	90	89.919517	0	83.798
36	Kr	91	90.923450	0	83.798
36	Kr	92	91.926156	0	83.798
36	Kr	93	92.93127	0	83.798
36	Kr	94	93.93436	0	83.798
36	Kr	95	94.93984	0	83.798
36	Kr	96	95.94307	0	83.798
36	Kr	97	96.94856	0	83.798
36	Kr	98	97.95191	0	83.798
36	Kr	99	98.95760	0	83.798
36	Kr	100	99.96114	0	83.798
37	Rb	71	70.96532	0	85.4678
37	Rb	72	71.95908	0	85.4678
37	Rb	73	72.95056	0	85.4678
37	Rb	74	73.944265	0	85.4678
37	Rb	75	74.938570	0	85.4678
37	Rb	76	75.9350722	0	85.4678
37	Rb	77	76.930408	0	85.4678
37	Rb	78	77.928141	0	85.4678
37	Rb	79	78.923989	0	85.4678
37	Rb	80	79.922519	0	85.4678
37	Rb	81	80.918996	0	85.4678
37	Rb	82	81.9182086	0	85.4678
37	Rb	83	82.915110	0	85.4678
37	Rb	84	83.914385	0	85.4678
37	Rb	85	84.911789738	0.7217	85.4678
37	Rb	86	85.91116742	0	85.4678
37	Rb	87	86.909180527	0.2783	85.4678
37	Rb	88	87.91131559	0	85.4678
37	Rb	89	88.912278	0	85.4678
37	Rb	90	89.914802	0	85.4678
37	Rb	91	90.916537	0	85.4678
37	Rb	92	91.919729	0	85.4678
37	Rb	93	92.922042	0	85.4678
37	Rb	94	93.926405	0	85.4678
37	Rb	95	94.929303	0	85.4678
37	Rb	96	95.934270	0	85.4678
37	Rb	97	96.937350	0	85.4678
37	Rb	98	97.941790	0	85.4678
37	Rb	99	98.94538	0	85.4678
37	Rb	100	99.94987	0	85.4678
37	Rb	101	100.95320	0	85.4678
37	Rb	102	101.95887	0	85.4678
38	Sr	73	72.96597	0	87.62
38	Sr	74	73.95631	0	87.62
38	Sr	75	74.94995	0	87.62
38	Sr	76	75.941770	0	87.62
38	Sr	77	76.937945	0	87.62
38	Sr	78	77.932180	0	87.62
38	Sr	79	78.929708	0	87.62
38	Sr	80	79.924521	0	87.62
38	Sr	81	80.923212	0	87.62
38	Sr	82	81.918402	0	87.62
38	Sr	83	82.917557	0	87.62
38	Sr	84	83.913425	0.0056	87.62
38	Sr	85	84.912933	0	87.62
38	Sr	86	85.9092602	0.0986	87.62
38	Sr	87	86.9088771	0.0700	87.62
38	Sr	88	87.9056121	0.8258	87.62
38	Sr	89	88.9074507	0	87.62
38	Sr	90	89.907738	0	87.62
38	Sr	91	90.910203	0	87.62
38	Sr	92	91.911038	0	87.62
38	Sr	93	92.914026	0	87.62
38	Sr	94	93.915361	0	87.62
38	Sr	95	94.919359	0	87.62
38	Sr	96	95.921697	0	87.62
38	Sr	97	96.926153	0	87.62
38	Sr	98	97.928453	0	87.62
38	Sr	99	98.933240	0	87.62
38	Sr	100	99.93535	0	87.62
38	Sr	101	100.94052	0	87.62
38	Sr	102	101.94302	0	87.62
38	Sr	103	102.94895	0	87.62
38	Sr	104	103.95233	0	87.62
38	Sr	105	104.95858	0	87.62
39	Y	76	75.95845	0	88.90585
39	Y	77	76.949650	0	88.90585
39	Y	78	77.94361	0	88.90585
39	Y	79	78.93735	0	88.90585
39	Y	80	79.93428	0	88.90585
39	Y	81	80.929130	0	88.90585
39	Y	82	81.92679	0	88.90585
39	Y	83	82.922350	0	88.90585
39	Y	84	83.92039	0	88.90585
39	Y	85	84.916433	0	88.90585
39	Y	86	85.914886	0	88.90585
39	Y	87	86.9108757	0	88.90585
39	Y	88	87.9095011	0	88.90585
39	Y	89	88.9058483	1.0000	88.90585
39	Y	90	89.9071519	0	88.90585
39	Y	91	90.907305	0	88.90585
39	Y	92	91.908949	0	88.90585
39	Y	93	92.909583	0	88.90585
39	Y	94	93.911595	0	88.90585
39	Y	95	94.912821	0	88.90585
39	Y	96	95.915891	0	88.90585
39	Y	97	96.918134	0	88.90585
39	Y	98	97.922203	0	88.90585
39	Y	99	98.924636	0	88.90585
39	Y	100	99.927760	0	88.90585
39	Y	101	100.93031	0	88.90585
39	Y	102	101.933560	0	88.90585
39	Y	103	102.93673	0	88.90585
39	Y	104	103.94105	0	88.90585
39	Y	105	104.94487	0	88.90585
39	Y	106	105.94979	0	88.90585
39	Y	107	106.95414	0	88.90585
39	Y	108	107.95948	0	88.90585
40	Zr	78	77.95523	0	91.224
40	Zr	79	78.94916	0	91.224
40	Zr	80	79.94040	0	91.224
40	Zr	81	80.93721	0	91.224
40	Zr	82	81.93109	0	91.224
40	Zr	83	82.92865	0	91.224
40	Zr	84	83.92325	0	91.224
40	Zr	85	84.92147	0	91.224
40	Zr	86	85.916470	0	91.224
40	Zr	87	86.914816	0	91.224
40	Zr	88	87.910227	0	91.224
40	Zr	89	88.908890	0	91.224
40	Zr	90	89.9047044	0.5145	91.224
40	Zr	91	90.9056458	0.1122	91.224
40	Zr	92	91.9050408	0.1715	91.224
40	Zr	93	92.9064760	0	91.224
40	Zr	94	93.9063152	0.1738	91.224
40	Zr	95	94.9080426	0	91.224
40	Zr	96	95.9082734	0.0280	91.224
40	Zr	97	96.9109531	0	91.224
40	Zr	98	97.912735	0	91.224
40	Zr	99	98.916512	0	91.224
40	Zr	100	99.917760	0	91.224
40	Zr	101	100.921140	0	91.224
40	Zr	102	101.922980	0	91.224
40	Zr	103	102.92660	0	91.224
40	Zr	104	103.92878	0	91.224
40	Zr	105	104.93305	0	91.224
40	Zr	106	105.93591	0	91.224
40	Zr	107	106.94075	0	91.224
40	Zr	108	107.94396	0	91.224
40	Zr	109	108.94924	0	91.224
40	Zr	110	109.95287	0	91.224
41	Nb	81	80.94903	0	92.90638
41	Nb	82	81.94313	0	92.90638
41	Nb	83	82.93671	0	92.90638
41	Nb	84	83.93357	0	92.90638
41	Nb	85	84.92791	0	92.90638
41	Nb	86	85.925040	0	92.90638
41	Nb	87	86.920360	0	92.90638
41	Nb	88	87.91833	0	92.90638
41	Nb	89	88.913418	0	92.90638
41	Nb	90	89.911265	0	92.90638
41	Nb	91	90.906996	0	92.90638
41	Nb	92	91.907194	0	92.90638
41	Nb	93	92.9063781	1.0000	92.90638
41	Nb	94	93.9072839	0	92.90638
41	Nb	95	94.9068358	0	92.90638
41	Nb	96	95.908101	0	92.90638
41	Nb	97	96.9080986	0	92.90638
41	Nb	98	97.910328	0	92.90638
41	Nb	99	98.911618	0	92.90638
41	Nb	100	99.914182	0	92.90638
41	Nb	101	100.915252	0	92.90638
41	Nb	102	101.918040	0	92.90638
41	Nb	103	102.919140	0	92.90638
41	Nb	104	103.92246	0	92.90638
41	Nb	105	104.92394	0	92.90638
41	Nb	106	105.92797	0	92.90638
41	Nb	107	106.93031	0	92.90638
41	Nb	108	107.93484	0	92.90638
41	Nb	109	108.93763	0	92.90638
41	Nb	110	109.94244	0	92.90638
41	Nb	111	110.94565	0	92.90638
41	Nb	112	111.95083	0	92.90638
41	Nb	113	112.95470	0	92.90638
42	Mo	83	82.94874	0	95.96
42	Mo	84	83.94009	0	95.96
42	Mo	85	84.93655	0	95.96
42	Mo	86	85.93070	0	95.96
42	Mo	87	86.92733	0	95.96
42	Mo	88	87.921953	0	95.96
42	Mo	89	88.919480	0	95.96
42	Mo	90	89.913937	0	95.96
42	Mo	91	90.911750	0	95.96
42	Mo	92	91.906811	0.1477	95.96
42	Mo	93	92.906813	0	95.96
42	Mo	94	93.9050883	0.0923	95.96
42	Mo	95	94.9058421	0.1590	95.96
42	Mo	96	95.9046795	0.1668	95.96
42	Mo	97	96.9060215	0.0956	95.96
42	Mo	98	97.9054082	0.2419	95.96
42	Mo	99	98.9077119	0	95.96
42	Mo	100	99.907477	0.0967	95.96
42	Mo	101	100.910347	0	95.96
42	Mo	102	101.910297	0	95.96
42	Mo	103	102.913210	0	95.96
42	Mo	104	103.913760	0	95.96
42	Mo	105	104.916970	0	95.96
42	Mo	106	105.918137	0	95.96
42	Mo	107	106.92169	0	95.96
42	Mo	108	107.92345	0	95.96
42	Mo	109	108.92781	0	95.96
42	Mo	110	109.92973	0	95.96
42	Mo	111	110.93441	0	95.96
42	Mo	112	111.93684	0	95.96
42	Mo	113	112.94188	0	95.96
42	Mo	114	113.94492	0	95.96
42	Mo	115	114.95029	0	95.96
43	Tc	85	84.94883	0	85
43	Tc	86	85.94288	0	86
43	Tc	87	86.93653	0	87
43	Tc	88	87.93268	0	88
43	Tc	89	88.92717	0	89
43	Tc	90	89.92356	0	90
43	Tc	91	90.91843	0	91
43	Tc	92	91.915260	0	92
43	Tc	93	92.910249	0	93
43	Tc	94	93.909657	0	94
43	Tc	95	94.907657	0	95
43	Tc	96	95.907871	0	96
43	Tc	97	96.906365	0	97
43	Tc	98	97.907216	0	98
43	Tc	99	98.9062547	0	99
43	Tc	100	99.9076578	0	100
43	Tc	101	100.907315	0	101
43	Tc	102	101.909215	0	102
43	Tc	103	102.909181	0	103
43	Tc	104	103.911450	0	104
43	Tc	105	104.911660	0	105
43	Tc	106	105.914358	0	106
43	Tc	107	106.91508	0	107
43	Tc	108	107.91846	0	108
43	Tc	109	108.91998	0	109
43	Tc	110	109.923820	0	110
43	Tc	111	110.92569	0	111
43	Tc	112	111.92915	0	112
43	Tc	113	112.93159	0	113
43	Tc	114	113.93588	0	114
43	Tc	115	114.93869	0	115
43	Tc	116	115.94337	0	116
43	Tc	117	116.94648	0	117
43	Tc	118	117.95148	0	118
44	Ru	87	86.94918	0	101.07
44	Ru	88	87.94026	0	101.07
44	Ru	89	88.93611	0	101.07
44	Ru	90	89.92989	0	101.07
44	Ru	91	90.92629	0	101.07
44	Ru	92	91.92012	0	101.07
44	Ru	93	92.917050	0	101.07
44	Ru	94	93.911360	0	101.07
44	Ru	95	94.910413	0	101.07
44	Ru	96	95.907598	0.0554	101.07
44	Ru	97	96.907555	0	101.07
44	Ru	98	97.905287	0.0187	101.07
44	Ru	99	98.9059393	0.1276	101.07
44	Ru	100	99.9042195	0.1260	101.07
44	Ru	101	100.9055821	0.1706	101.07
44	Ru	102	101.9043493	0.3155	101.07
44	Ru	103	102.9063238	0	101.07
44	Ru	104	103.905433	0.1862	101.07
44	Ru	105	104.907753	0	101.07
44	Ru	106	105.907329	0	101.07
44	Ru	107	106.90991	0	101.07
44	Ru	108	107.91017	0	101.07
44	Ru	109	108.913200	0	101.07
44	Ru	110	109.914140	0	101.07
44	Ru	111	110.917700	0	101.07
44	Ru	112	111.918970	0	101.07
44	Ru	113	112.922490	0	101.07
44	Ru	114	113.92428	0	101.07
44	Ru	115	114.92869	0	101.07
44	Ru	116	115.93081	0	101.07
44	Ru	117	116.93558	0	101.07
44	Ru	118	117.93782	0	101.07
44	Ru	119	118.94284	0	101.07
44	Ru	120	119.94531	0	101.07
45	Rh	89	88.94884	0	102.90550
45	Rh	90	89.94287	0	102.90550
45	Rh	91	90.93655	0	102.90550
45	Rh	92	91.93198	0	102.90550
45	Rh	93	92.92574	0	102.90550
45	Rh	94	93.92170	0	102.90550
45	Rh	95	94.91590	0	102.90550
45	Rh	96	95.914461	0	102.90550
45	Rh	97	96.911340	0	102.90550
45	Rh	98	97.910708	0	102.90550
45	Rh	99	98.908132	0	102.90550
45	Rh	100	99.908122	0	102.90550
45	Rh	101	100.906164	0	102.90550
45	Rh	102	101.906843	0	102.90550
45	Rh	103	102.905504	1.0000	102.90550
45	Rh	104	103.906656	0	102.90550
45	Rh	105	104.905694	0	102.90550
45	Rh	106	105.907287	0	102.90550
45	Rh	107	106.906748	0	102.90550
45	Rh	108	107.90873	0	102.90550
45	Rh	109	108.908737	0	102.90550
45	Rh	110	109.911140	0	102.90550
45	Rh	111	110.911590	0	102.90550
45	Rh	112	111.914390	0	102.90550
45	Rh	113	112.915530	0	102.90550
45	Rh	114	113.91881	0	102.90550
45	Rh	115	114.920330	0	102.90550
45	Rh	116	115.92406	0	102.90550
45	Rh	117	116.92598	0	102.90550
45	Rh	118	117.93007	0	102.90550
45	Rh	119	118.93211	0	102.90550
45	Rh	120	119.93641	0	102.90550
45	Rh	121	120.93872	0	102.90550
45	Rh	122	121.94321	0	102.90550
46	Pd	91	90.94911	0	106.42
46	Pd	92	91.94042	0	106.42
46	Pd	93	92.93591	0	106.42
46	Pd	94	93.92877	0	106.42
46	Pd	95	94.92469	0	106.42
46	Pd	96	95.91816	0	106.42
46	Pd	97	96.91648	0	106.42
46	Pd	98	97.912721	0	106.42
46	Pd	99	98.911768	0	106.42
46	Pd	100	99.908506	0	106.42
46	Pd	101	100.908289	0	106.42
46	Pd	102	101.905609	0.0102	106.42
46	Pd	103	102.906087	0	106.42
46	Pd	104	103.904036	0.1114	106.42
46	Pd	105	104.905085	0.2233	106.42
46	Pd	106	105.903486	0.2733	106.42
46	Pd	107	106.905133	0	106.42
46	Pd	108	107.903892	0.2646	106.42
46	Pd	109	108.905950	0	106.42
46	Pd	110	109.905153	0.1172	106.42
46	Pd	111	110.907671	0	106.42
46	Pd	112	111.907314	0	106.42
46	Pd	113	112.910150	0	106.42
46	Pd	114	113.910363	0	106.42
46	Pd	115	114.913680	0	106.42
46	Pd	116	115.914160	0	106.42
46	Pd	117	116.917840	0	106.42
46	Pd	118	117.91898	0	106.42
46	Pd	119	118.92311	0	106.42
46	Pd	120	119.92469	0	106.42
46	Pd	121	120.92887	0	106.42
46	Pd	122	121.93055	0	106.42
46	Pd	123	122.93493	0	106.42
46	Pd	124	123.93688	0	106.42
47	Ag	93	92.94978	0	107.8682
47	Ag	94	93.94278	0	107.8682
47	Ag	95	94.93548	0	107.8682
47	Ag	96	95.93068	0	107.8682
47	Ag	97	96.92397	0	107.8682
47	Ag	98	97.921570	0	107.8682
47	Ag	99	98.91760	0	107.8682
47	Ag	100	99.916100	0	107.8682
47	Ag	101	100.91280	0	107.8682
47	Ag	102	101.911690	0	107.8682
47	Ag	103	102.908973	0	107.8682
47	Ag	104	103.908629	0	107.8682
47	Ag	105	104.906529	0	107.8682
47	Ag	106	105.906669	0	107.8682
47	Ag	107	106.905097	0.51839	107.8682
47	Ag	108	107.905956	0	107.8682
47	Ag	109	108.904752	0.48161	107.8682
47	Ag	110	109.906107	0	107.8682
47	Ag	111	110.905291	0	107.8682
47	Ag	112	111.907005	0	107.8682
47	Ag	113	112.906567	0	107.8682
47	Ag	114	113.908804	0	107.8682
47	Ag	115	114.908760	0	107.8682
47	Ag	116	115.911360	0	107.8682
47	Ag	117	116.911680	0	107.8682
47	Ag	118	117.914580	0	107.8682
47	Ag	119	118.91567	0	107.8682
47	Ag	120	119.918790	0	107.8682
47	Ag	121	120.91985	0	107.8682
47	Ag	122	121.92353	0	107.8682
47	Ag	123	122.92490	0	107.8682
47	Ag	124	123.92864	0	107.8682
47	Ag	125	124.93043	0	107.8682
47	Ag	126	125.93450	0	107.8682
47	Ag	127	126.93677	0	107.8682
47	Ag	128	127.94117	0	107.8682
47	Ag	129	128.94369	0	107.8682
47	Ag	130	129.95045	0	107.8682
48	Cd	95	94.94987	0	112.411
48	Cd	96	95.93977	0	112.411
48	Cd	97	96.93494	0	112.411
48	Cd	98	97.927400	0	112.411
48	Cd	99	98.92501	0	112.411
48	Cd	100	99.92029	0	112.411
48	Cd	101	100.91868	0	112.411
48	Cd	102	101.914460	0	112.411
48	Cd	103	102.913419	0	112.411
48	Cd	104	103.909849	0	112.411
48	Cd	105	104.909468	0	112.411
48	Cd	106	105.906459	0.0125	112.411
48	Cd	107	106.906618	0	112.411
48	Cd	108	107.904184	0.0089	112.411
48	Cd	109	108.904982	0	112.411
48	Cd	110	109.9030021	0.1249	112.411
48	Cd	111	110.9041781	0.1280	112.411
48	Cd	112	111.9027578	0.2413	112.411
48	Cd	113	112.9044017	0.1222	112.411
48	Cd	114	113.9033585	0.2873	112.411
48	Cd	115	114.9054310	0	112.411
48	Cd	116	115.904756	0.0749	112.411
48	Cd	117	116.907219	0	112.411
48	Cd	118	117.906915	0	112.411
48	Cd	119	118.909920	0	112.411
48	Cd	120	119.909850	0	112.411
48	Cd	121	120.912980	0	112.411
48	Cd	122	121.913330	0	112.411
48	Cd	123	122.917000	0	112.411
48	Cd	124	123.917650	0	112.411
48	Cd	125	124.921250	0	112.411
48	Cd	126	125.922350	0	112.411
48	Cd	127	126.926440	0	112.411
48	Cd	128	127.92776	0	112.411
48	Cd	129	128.93215	0	112.411
48	Cd	130	129.93390	0	112.411
48	Cd	131	130.94067	0	112.411
48	Cd	132	131.94555	0	112.411
49	In	97	96.94954	0	114.818
49	In	98	97.94214	0	114.818
49	In	99	98.93422	0	114.818
49	In	100	99.93111	0	114.818
49	In	101	100.92634	0	114.818
49	In	102	101.92409	0	114.818
49	In	103	102.919914	0	114.818
49	In	104	103.918300	0	114.818
49	In	105	104.914674	0	114.818
49	In	106	105.913465	0	114.818
49	In	107	106.910295	0	114.818
49	In	108	107.909698	0	114.818
49	In	109	108.907151	0	114.818
49	In	110	109.907165	0	114.818
49	In	111	110.905103	0	114.818
49	In	112	111.905532	0	114.818
49	In	113	112.904058	0.0429	114.818
49	In	114	113.904914	0	114.818
49	In	115	114.903878	0.9571	114.818
49	In	116	115.905260	0	114.818
49	In	117	116.904514	0	114.818
49	In	118	117.906354	0	114.818
49	In	119	118.905845	0	114.818
49	In	120	119.907960	0	114.818
49	In	121	120.907846	0	114.818
49	In	122	121.910280	0	114.818
49	In	123	122.910438	0	114.818
49	In	124	123.913180	0	114.818
49	In	125	124.913600	0	114.818
49	In	126	125.916460	0	114.818
49	In	127	126.917350	0	114.818
49	In	128	127.920170	0	114.818
49	In	129	128.921700	0	114.818
49	In	130	129.924970	0	114.818
49	In	131	130.926850	0	114.818
49	In	132	131.932990	0	114.818
49	In	133	132.93781	0	114.818
49	In	134	133.94415	0	114.818
49	In	135	134.94933	0	114.818
50	Sn	99	98.94933	0	118.710
50	Sn	100	99.93904	0	118.710
50	Sn	101	100.93606	0	118.710
50	Sn	102	101.93030	0	118.710
50	Sn	103	102.92810	0	118.710
50	Sn	104	103.92314	0	118.710
50	Sn	105	104.921350	0	118.710
50	Sn	106	105.916880	0	118.710
50	Sn	107	106.915640	0	118.710
50	Sn	108	107.911925	0	118.710
50	Sn	109	108.911283	0	118.710
50	Sn	110	109.907843	0	118.710
50	Sn	111	110.907734	0	118.710
50	Sn	112	111.904818	0.0097	118.710
50	Sn	113	112.905171	0	118.710
50	Sn	114	113.902779	0.0066	118.710
50	Sn	115	114.903342	0.0034	118.710
50	Sn	116	115.901741	0.1454	118.710
50	Sn	117	116.902952	0.0768	118.710
50	Sn	118	117.901603	0.2422	118.710
50	Sn	119	118.903308	0.0859	118.710
50	Sn	120	119.9021947	0.3258	118.710
50	Sn	121	120.9042355	0	118.710
50	Sn	122	121.9034390	0.0463	118.710
50	Sn	123	122.9057208	0	118.710
50	Sn	124	123.9052739	0.0579	118.710
50	Sn	125	124.9077841	0	118.710
50	Sn	126	125.907653	0	118.710
50	Sn	127	126.910360	0	118.710
50	Sn	128	127.910537	0	118.710
50	Sn	129	128.913480	0	118.710
50	Sn	130	129.913967	0	118.710
50	Sn	131	130.917000	0	118.710
50	Sn	132	131.917816	0	118.710
50	Sn	133	132.923830	0	118.710
50	Sn	134	133.92829	0	118.710
50	Sn	135	134.93473	0	118.710
50	Sn	136	135.93934	0	118.710
50	Sn	137	136.94599	0	118.710
51	Sb	103	102.93969	0	121.760
51	Sb	104	103.93647	0	121.760
51	Sb	105	104.93149	0	121.760
51	Sb	106	105.92879	0	121.760
51	Sb	107	106.92415	0	121.760
51	Sb	108	107.92216	0	121.760
51	Sb	109	108.918132	0	121.760
51	Sb	110	109.91675	0	121.760
51	Sb	111	110.913160	0	121.760
51	Sb	112	111.912398	0	121.760
51	Sb	113	112.909372	0	121.760
51	Sb	114	113.909270	0	121.760
51	Sb	115	114.906598	0	121.760
51	Sb	116	115.906794	0	121.760
51	Sb	117	116.904836	0	121.760
51	Sb	118	117.905529	0	121.760
51	Sb	119	118.903942	0	121.760
51	Sb	120	119.905072	0	121.760
51	Sb	121	120.9038157	0.5721	121.760
51	Sb	122	121.9051737	0	121.760
51	Sb	123	122.9042140	0.4279	121.760
51	Sb	124	123.9059357	0	121.760
51	Sb	125	124.9052538	0	121.760
51	Sb	126	125.907250	0	121.760
51	Sb	127	126.906924	0	121.760
51	Sb	128	127.909169	0	121.760
51	Sb	129	128.909148	0	121.760
51	Sb	130	129.911656	0	121.760
51	Sb	131	130.911982	0	121.760
51	Sb	132	131.914467	0	121.760
51	Sb	133	132.915252	0	121.760
51	Sb	134	133.920380	0	121.760
51	Sb	135	134.92517	0	121.760
51	Sb	136	135.93035	0	121.760
51	Sb	137	136.93531	0	121.760
51	Sb	138	137.94079	0	121.760
51	Sb	139	138.94598	0	121.760
52	Te	105	104.94364	0	127.60
52	Te	106	105.93750	0	127.60
52	Te	107	106.93501	0	127.60
52	Te	108	107.92944	0	127.60
52	Te	109	108.927420	0	127.60
52	Te	110	109.922410	0	127.60
52	Te	111	110.921110	0	127.60
52	Te	112	111.91701	0	127.60
52	Te	113	112.915890	0	127.60
52	Te	114	113.912090	0	127.60
52	Te	115	114.911900	0	127.60
52	Te	116	115.908460	0	127.60
52	Te	117	116.908645	0	127.60
52	Te	118	117.905828	0	127.60
52	Te	119	118.906404	0	127.60
52	Te	120	119.904020	0.0009	127.60
52	Te	121	120.904936	0	127.60
52	Te	122	121.9030439	0.0255	127.60
52	Te	123	122.9042700	0.0089	127.60
52	Te	124	123.9028179	0.0474	127.60
52	Te	125	124.9044307	0.0707	127.60
52	Te	126	125.9033117	0.1884	127.60
52	Te	127	126.9052263	0	127.60
52	Te	128	127.9044631	0.3174	127.60
52	Te	129	128.9065982	0	127.60
52	Te	130	129.9062244	0.3408	127.60
52	Te	131	130.9085239	0	127.60
52	Te	132	131.908553	0	127.60
52	Te	133	132.910955	0	127.60
52	Te	134	133.911369	0	127.60
52	Te	135	134.91645	0	127.60
52	Te	136	135.920100	0	127.60
52	Te	137	136.92532	0	127.60
52	Te	138	137.92922	0	127.60
52	Te	139	138.93473	0	127.60
52	Te	140	139.93885	0	127.60
52	Te	141	140.94465	0	127.60
52	Te	142	141.94908	0	127.60
53	I	108	107.94348	0	126.90447
53	I	109	108.93815	0	126.90447
53	I	110	109.93524	0	126.90447
53	I	111	110.93028	0	126.90447
53	I	112	111.92797	0	126.90447
53	I	113	112.923640	0	126.90447
53	I	114	113.92185	0	126.90447
53	I	115	114.918050	0	126.90447
53	I	116	115.91681	0	126.90447
53	I	117	116.913650	0	126.90447
53	I	118	117.913074	0	126.90447
53	I	119	118.910070	0	126.90447
53	I	120	119.910048	0	126.90447
53	I	121	120.907367	0	126.90447
53	I	122	121.907589	0	126.90447
53	I	123	122.905589	0	126.90447
53	I	124	123.9062099	0	126.90447
53	I	125	124.9046302	0	126.90447
53	I	126	125.905624	0	126.90447
53	I	127	126.904473	1.0000	126.90447
53	I	128	127.905809	0	126.90447
53	I	129	128.904988	0	126.90447
53	I	130	129.906674	0	126.90447
53	I	131	130.9061246	0	126.90447
53	I	132	131.907997	0	126.90447
53	I	133	132.907797	0	126.90447
53	I	134	133.909744	0	126.90447
53	I	135	134.910048	0	126.90447
53	I	136	135.914650	0	126.90447
53	I	137	136.917871	0	126.90447
53	I	138	137.922350	0	126.90447
53	I	139	138.926100	0	126.90447
53	I	140	139.93100	0	126.90447
53	I	141	140.93503	0	126.90447
53	I	142	141.94018	0	126.90447
53	I	143	142.94456	0	126.90447
53	I	144	143.94999	0	126.90447
54	Xe	110	109.94428	0	131.293
54	Xe	111	110.94160	0	131.293
54	Xe	112	111.93562	0	131.293
54	Xe	113	112.933340	0	131.293
54	Xe	114	113.927980	0	131.293
54	Xe	115	114.926294	0	131.293
54	Xe	116	115.921581	0	131.293
54	Xe	117	116.920359	0	131.293
54	Xe	118	117.916179	0	131.293
54	Xe	119	118.915411	0	131.293
54	Xe	120	119.911784	0	131.293
54	Xe	121	120.911462	0	131.293
54	Xe	122	121.908368	0	131.293
54	Xe	123	122.908482	0	131.293
54	Xe	124	123.9058930	0.000952	131.293
54	Xe	125	124.9063955	0	131.293
54	Xe	126	125.904274	0.000890	131.293
54	Xe	127	126.905184	0	131.293
54	Xe	128	127.9035313	0.019102	131.293
54	Xe	129	128.9047794	0.264006	131.293
54	Xe	130	129.9035080	0.040710	131.293
54	Xe	131	130.9050824	0.212324	131.293
54	Xe	132	131.9041535	0.269086	131.293
54	Xe	133	132.9059107	0	131.293
54	Xe	134	133.9053945	0.104357	131.293
54	Xe	135	134.907227	0	131.293
54	Xe	136	135.907219	0.088573	131.293
54	Xe	137	136.911562	0	131.293
54	Xe	138	137.913950	0	131.293
54	Xe	139	138.918793	0	131.293
54	Xe	140	139.921640	0	131.293
54	Xe	141	140.92665	0	131.293
54	Xe	142	141.92971	0	131.293
54	Xe	143	142.93511	0	131.293
54	Xe	144	143.93851	0	131.293
54	Xe	145	144.94407	0	131.293
54	Xe	146	145.94775	0	131.293
54	Xe	147	146.95356	0	131.293
55	Cs	112	111.95030	0	132.9054519
55	Cs	113	112.94449	0	132.9054519
55	Cs	114	113.94145	0	132.9054519
55	Cs	115	114.93591	0	132.9054519
55	Cs	116	115.93337	0	132.9054519
55	Cs	117	116.928670	0	132.9054519
55	Cs	118	117.926559	0	132.9054519
55	Cs	119	118.922377	0	132.9054519
55	Cs	120	119.920677	0	132.9054519
55	Cs	121	120.917229	0	132.9054519
55	Cs	122	121.916110	0	132.9054519
55	Cs	123	122.912996	0	132.9054519
55	Cs	124	123.912258	0	132.9054519
55	Cs	125	124.909728	0	132.9054519
55	Cs	126	125.909452	0	132.9054519
55	Cs	127	126.907418	0	132.9054519
55	Cs	128	127.907749	0	132.9054519
55	Cs	129	128.906064	0	132.9054519
55	Cs	130	129.906709	0	132.9054519
55	Cs	131	130.905464	0	132.9054519
55	Cs	132	131.9064343	0	132.9054519
55	Cs	133	132.905451933	1.0000	132.9054519
55	Cs	134	133.906718475	0	132.9054519
55	Cs	135	134.9059770	0	132.9054519
55	Cs	136	135.9073116	0	132.9054519
55	Cs	137	136.9070895	0	132.9054519
55	Cs	138	137.911017	0	132.9054519
55	Cs	139	138.913364	0	132.9054519
55	Cs	140	139.917282	0	132.9054519
55	Cs	141	140.920046	0	132.9054519
55	Cs	142	141.924299	0	132.9054519
55	Cs	143	142.927352	0	132.9054519
55	Cs	144	143.932077	0	132.9054519
55	Cs	145	144.935526	0	132.9054519
55	Cs	146	145.940290	0	132.9054519
55	Cs	147	146.944160	0	132.9054519
55	Cs	148	147.94922	0	132.9054519
55	Cs	149	148.95293	0	132.9054519
55	Cs	150	149.95817	0	132.9054519
55	Cs	151	150.96219	0	132.9054519
56	Ba	114	113.95068	0	137.327
56	Ba	115	114.94737	0	137.327
56	Ba	116	115.94138	0	137.327
56	Ba	117	116.93850	0	137.327
56	Ba	118	117.93304	0	137.327
56	Ba	119	118.93066	0	137.327
56	Ba	120	119.92604	0	137.327
56	Ba	121	120.92405	0	137.327
56	Ba	122	121.919900	0	137.327
56	Ba	123	122.918781	0	137.327
56	Ba	124	123.915094	0	137.327
56	Ba	125	124.914473	0	137.327
56	Ba	126	125.911250	0	137.327
56	Ba	127	126.911094	0	137.327
56	Ba	128	127.908318	0	137.327
56	Ba	129	128.908679	0	137.327
56	Ba	130	129.9063208	0.00106	137.327
56	Ba	131	130.906941	0	137.327
56	Ba	132	131.9050613	0.00101	137.327
56	Ba	133	132.9060075	0	137.327
56	Ba	134	133.9045084	0.02417	137.327
56	Ba	135	134.9056886	0.06592	137.327
56	Ba	136	135.9045759	0.07854	137.327
56	Ba	137	136.9058274	0.11232	137.327
56	Ba	138	137.9052472	0.71698	137.327
56	Ba	139	138.9088413	0	137.327
56	Ba	140	139.910605	0	137.327
56	Ba	141	140.914411	0	137.327
56	Ba	142	141.916453	0	137.327
56	Ba	143	142.920627	0	137.327
56	Ba	144	143.922953	0	137.327
56	Ba	145	144.927630	0	137.327
56	Ba	146	145.930220	0	137.327
56	Ba	147	146.93495	0	137.327
56	Ba	148	147.937720	0	137.327
56	Ba	149	148.94258	0	137.327
56	Ba	150	149.94568	0	137.327
56	Ba	151	150.95081	0	137.327
56	Ba	152	151.95427	0	137.327
56	Ba	153	152.95961	0	137.327
57	La	117	116.95007	0	138.90547
57	La	118	117.94673	0	138.90547
57	La	119	118.94099	0	138.90547
57	La	120	119.93807	0	138.90547
57	La	121	120.93301	0	138.90547
57	La	122	121.93071	0	138.90547
57	La	123	122.92624	0	138.90547
57	La	124	123.924570	0	138.90547
57	La	125	124.920816	0	138.90547
57	La	126	125.91951	0	138.90547
57	La	127	126.916375	0	138.90547
57	La	128	127.915590	0	138.90547
57	La	129	128.912693	0	138.90547
57	La	130	129.912369	0	138.90547
57	La	131	130.910070	0	138.90547
57	La	132	131.910100	0	138.90547
57	La	133	132.908220	0	138.90547
57	La	134	133.908514	0	138.90547
57	La	135	134.906977	0	138.90547
57	La	136	135.907640	0	138.90547
57	La	137	136.906494	0	138.90547
57	La	138	137.907112	0.00090	138.90547
57	La	139	138.9063533	0.99910	138.90547
57	La	140	139.9094776	0	138.90547
57	La	141	140.910962	0	138.90547
57	La	142	141.914079	0	138.90547
57	La	143	142.916063	0	138.90547
57	La	144	143.919600	0	138.90547
57	La	145	144.92165	0	138.90547
57	La	146	145.925790	0	138.90547
57	La	147	146.928240	0	138.90547
57	La	148	147.932230	0	138.90547
57	La	149	148.93473	0	138.90547
57	La	150	149.93877	0	138.90547
57	La	151	150.94172	0	138.90547
57	La	152	151.94625	0	138.90547
57	La	153	152.94962	0	138.90547
57	La	154	153.95450	0	138.90547
57	La	155	154.95835	0	138.90547
58	Ce	119	118.95276	0	140.116
58	Ce	120	119.94664	0	140.116
58	Ce	121	120.94342	0	140.116
58	Ce	122	121.93791	0	140.116
58	Ce	123	122.93540	0	140.116
58	Ce	124	123.93041	0	140.116
58	Ce	125	124.92844	0	140.116
58	Ce	126	125.923970	0	140.116
58	Ce	127	126.922730	0	140.116
58	Ce	128	127.918910	0	140.116
58	Ce	129	128.918100	0	140.116
58	Ce	130	129.914740	0	140.116
58	Ce	131	130.914420	0	140.116
58	Ce	132	131.911460	0	140.116
58	Ce	133	132.911515	0	140.116
58	Ce	134	133.908925	0	140.116
58	Ce	135	134.909151	0	140.116
58	Ce	136	135.907172	0.00185	140.116
58	Ce	137	136.907806	0	140.116
58	Ce	138	137.905991	0.00251	140.116
58	Ce	139	138.906653	0	140.116
58	Ce	140	139.9054387	0.88450	140.116
58	Ce	141	140.9082763	0	140.116
58	Ce	142	141.909244	0.11114	140.116
58	Ce	143	142.912386	0	140.116
58	Ce	144	143.913647	0	140.116
58	Ce	145	144.917230	0	140.116
58	Ce	146	145.918760	0	140.116
58	Ce	147	146.922670	0	140.116
58	Ce	148	147.924430	0	140.116
58	Ce	149	148.92840	0	140.116
58	Ce	150	149.930410	0	140.116
58	Ce	151	150.93398	0	140.116
58	Ce	152	151.93654	0	140.116
58	Ce	153	152.94058	0	140.116
58	Ce	154	153.94342	0	140.116
58	Ce	155	154.94804	0	140.116
58	Ce	156	155.95126	0	140.116
58	Ce	157	156.95634	0	140.116
59	Pr	121	120.95536	0	140.90765
59	Pr	122	121.95181	0	140.90765
59	Pr	123	122.94596	0	140.90765
59	Pr	124	123.94296	0	140.90765
59	Pr	125	124.93783	0	140.90765
59	Pr	126	125.93531	0	140.90765
59	Pr	127	126.93083	0	140.90765
59	Pr	128	127.928790	0	140.90765
59	Pr	129	128.925100	0	140.90765
59	Pr	130	129.923590	0	140.90765
59	Pr	131	130.920260	0	140.90765
59	Pr	132	131.919260	0	140.90765
59	Pr	133	132.916331	0	140.90765
59	Pr	134	133.915710	0	140.90765
59	Pr	135	134.913112	0	140.90765
59	Pr	136	135.912692	0	140.90765
59	Pr	137	136.910705	0	140.90765
59	Pr	138	137.910755	0	140.90765
59	Pr	139	138.908938	0	140.90765
59	Pr	140	139.909076	0	140.90765
59	Pr	141	140.9076528	1.0000	140.90765
59	Pr	142	141.9100448	0	140.90765
59	Pr	143	142.9108169	0	140.90765
59	Pr	144	143.913305	0	140.90765
59	Pr	145	144.914512	0	140.90765
59	Pr	146	145.917640	0	140.90765
59	Pr	147	146.918996	0	140.90765
59	Pr	148	147.922135	0	140.90765
59	Pr	149	148.923720	0	140.90765
59	Pr	150	149.926673	0	140.90765
59	Pr	151	150.928319	0	140.90765
59	Pr	152	151.93150	0	140.90765
59	Pr	153	152.93384	0	140.90765
59	Pr	154	153.93752	0	140.90765
59	Pr	155	154.94012	0	140.90765
59	Pr	156	155.94427	0	140.90765
59	Pr	157	156.94743	0	140.90765
59	Pr	158	157.95198	0	140.90765
59	Pr	159	158.95550	0	140.90765
60	Nd	124	123.95223	0	144.242
60	Nd	125	124.94888	0	144.242
60	Nd	126	125.94322	0	144.242
60	Nd	127	126.94050	0	144.242
60	Nd	128	127.93539	0	144.242
60	Nd	129	128.93319	0	144.242
60	Nd	130	129.928510	0	144.242
60	Nd	131	130.927250	0	144.242
60	Nd	132	131.923321	0	144.242
60	Nd	133	132.922350	0	144.242
60	Nd	134	133.918790	0	144.242
60	Nd	135	134.918181	0	144.242
60	Nd	136	135.914976	0	144.242
60	Nd	137	136.914567	0	144.242
60	Nd	138	137.911950	0	144.242
60	Nd	139	138.911978	0	144.242
60	Nd	140	139.909550	0	144.242
60	Nd	141	140.909610	0	144.242
60	Nd	142	141.9077233	0.272	144.242
60	Nd	143	142.9098143	0.122	144.242
60	Nd	144	143.9100873	0.238	144.242
60	Nd	145	144.9125736	0.083	144.242
60	Nd	146	145.9131169	0.172	144.242
60	Nd	147	146.9161004	0	144.242
60	Nd	148	147.916893	0.057	144.242
60	Nd	149	148.920149	0	144.242
60	Nd	150	149.920891	0.056	144.242
60	Nd	151	150.923829	0	144.242
60	Nd	152	151.924682	0	144.242
60	Nd	153	152.927698	0	144.242
60	Nd	154	153.92948	0	144.242
60	Nd	155	154.93293	0	144.242
60	Nd	156	155.93502	0	144.242
60	Nd	157	156.93903	0	144.242
60	Nd	158	157.94160	0	144.242
60	Nd	159	158.94609	0	144.242
60	Nd	160	159.94909	0	144.242
60	Nd	161	160.95388	0	144.242
61	Pm	126	125.95752	0	126
61	Pm	127	126.95163	0	127
61	Pm	128	127.94842	0	128
61	Pm	129	128.94316	0	129
61	Pm	130	129.94045	0	130
61	Pm	131	130.93587	0	131
61	Pm	132	131.93375	0	132
61	Pm	133	132.929780	0	133
61	Pm	134	133.928350	0	134
61	Pm	135	134.924880	0	135
61	Pm	136	135.923570	0	136
61	Pm	137	136.920479	0	137
61	Pm	138	137.919548	0	138
61	Pm	139	138.916804	0	139
61	Pm	140	139.916040	0	140
61	Pm	141	140.913555	0	141
61	Pm	142	141.912874	0	142
61	Pm	143	142.910933	0	143
61	Pm	144	143.912591	0	144
61	Pm	145	144.912749	0	145
61	Pm	146	145.914696	0	146
61	Pm	147	146.9151385	0	147
61	Pm	148	147.917475	0	148
61	Pm	149	148.918334	0	149
61	Pm	150	149.920984	0	150
61	Pm	151	150.921207	0	151
61	Pm	152	151.923497	0	152
61	Pm	153	152.924117	0	153
61	Pm	154	153.926460	0	154
61	Pm	155	154.928100	0	155
61	Pm	156	155.931060	0	156
61	Pm	157	156.93304	0	157
61	Pm	158	157.93656	0	158
61	Pm	159	158.93897	0	159
61	Pm	160	159.94299	0	160
61	Pm	161	160.94586	0	161
61	Pm	162	161.95029	0	162
61	Pm	163	162.95368	0	163
62	Sm	128	127.95808	0	150.36
62	Sm	129	128.95464	0	150.36
62	Sm	130	129.94892	0	150.36
62	Sm	131	130.94611	0	150.36
62	Sm	132	131.94069	0	150.36
62	Sm	133	132.93867	0	150.36
62	Sm	134	133.93397	0	150.36
62	Sm	135	134.93252	0	150.36
62	Sm	136	135.928276	0	150.36
62	Sm	137	136.926970	0	150.36
62	Sm	138	137.923244	0	150.36
62	Sm	139	138.922297	0	150.36
62	Sm	140	139.918995	0	150.36
62	Sm	141	140.918476	0	150.36
62	Sm	142	141.915198	0	150.36
62	Sm	143	142.914628	0	150.36
62	Sm	144	143.911999	0.0307	150.36
62	Sm	145	144.913410	0	150.36
62	Sm	146	145.913041	0	150.36
62	Sm	147	146.9148979	0.1499	150.36
62	Sm	148	147.9148227	0.1124	150.36
62	Sm	149	148.9171847	0.1382	150.36
62	Sm	150	149.9172755	0.0738	150.36
62	Sm	151	150.9199324	0	150.36
62	Sm	152	151.9197324	0.2675	150.36
62	Sm	153	152.9220974	0	150.36
62	Sm	154	153.9222093	0.2275	150.36
62	Sm	155	154.9246402	0	150.36
62	Sm	156	155.925528	0	150.36
62	Sm	157	156.928360	0	150.36
62	Sm	158	157.929990	0	150.36
62	Sm	159	158.93321	0	150.36
62	Sm	160	159.93514	0	150.36
62	Sm	161	160.93883	0	150.36
62	Sm	162	161.94122	0	150.36
62	Sm	163	162.94536	0	150.36
62	Sm	164	163.94828	0	150.36
62	Sm	165	164.95298	0	150.36
63	Eu	130	129.96357	0	151.964
63	Eu	131	130.95775	0	151.964
63	Eu	132	131.95437	0	151.964
63	Eu	133	132.94924	0	151.964
63	Eu	134	133.94651	0	151.964
63	Eu	135	134.94182	0	151.964
63	Eu	136	135.93960	0	151.964
63	Eu	137	136.93557	0	151.964
63	Eu	138	137.933710	0	151.964
63	Eu	139	138.929792	0	151.964
63	Eu	140	139.928090	0	151.964
63	Eu	141	140.924931	0	151.964
63	Eu	142	141.923430	0	151.964
63	Eu	143	142.920298	0	151.964
63	Eu	144	143.918817	0	151.964
63	Eu	145	144.916265	0	151.964
63	Eu	146	145.917206	0	151.964
63	Eu	147	146.916746	0	151.964
63	Eu	148	147.918086	0	151.964
63	Eu	149	148.917931	0	151.964
63	Eu	150	149.919702	0	151.964
63	Eu	151	150.9198502	0.4781	151.964
63	Eu	152	151.9217445	0	151.964
63	Eu	153	152.9212303	0.5219	151.964
63	Eu	154	153.9229792	0	151.964
63	Eu	155	154.9228933	0	151.964
63	Eu	156	155.924752	0	151.964
63	Eu	157	156.925424	0	151.964
63	Eu	158	157.927850	0	151.964
63	Eu	159	158.929089	0	151.964
63	Eu	160	159.93197	0	151.964
63	Eu	161	160.93368	0	151.964
63	Eu	162	161.93704	0	151.964
63	Eu	163	162.93921	0	151.964
63	Eu	164	163.94299	0	151.964
63	Eu	165	164.94572	0	151.964
63	Eu	166	165.94997	0	151.964
63	Eu	167	166.95321	0	151.964
64	Gd	134	133.95537	0	157.25
64	Gd	135	134.95257	0	157.25
64	Gd	136	135.94734	0	157.25
64	Gd	137	136.94502	0	157.25
64	Gd	138	137.94012	0	157.25
64	Gd	139	138.93824	0	157.25
64	Gd	140	139.933670	0	157.25
64	Gd	141	140.932126	0	157.25
64	Gd	142	141.928120	0	157.25
64	Gd	143	142.92675	0	157.25
64	Gd	144	143.922960	0	157.25
64	Gd	145	144.921709	0	157.25
64	Gd	146	145.918311	0	157.25
64	Gd	147	146.919094	0	157.25
64	Gd	148	147.918115	0	157.25
64	Gd	149	148.919341	0	157.25
64	Gd	150	149.918659	0	157.25
64	Gd	151	150.920348	0	157.25
64	Gd	152	151.9197910	0.0020	157.25
64	Gd	153	152.9217495	0	157.25
64	Gd	154	153.9208656	0.0218	157.25
64	Gd	155	154.9226220	0.1480	157.25
64	Gd	156	155.9221227	0.2047	157.25
64	Gd	157	156.9239601	0.1565	157.25
64	Gd	158	157.9241039	0.2484	157.25
64	Gd	159	158.9263887	0	157.25
64	Gd	160	159.9270541	0.2186	157.25
64	Gd	161	160.9296692	0	157.25
64	Gd	162	161.930985	0	157.25
64	Gd	163	162.93399	0	157.25
64	Gd	164	163.93586	0	157.25
64	Gd	165	164.93938	0	157.25
64	Gd	166	165.94160	0	157.25
64	Gd	167	166.94557	0	157.25
64	Gd	168	167.94836	0	157.25
64	Gd	169	168.95287	0	157.25
65	Tb	136	135.96138	0	158.92535
65	Tb	137	136.95598	0	158.92535
65	Tb	138	137.95316	0	158.92535
65	Tb	139	138.94829	0	158.92535
65	Tb	140	139.94581	0	158.92535
65	Tb	141	140.94145	0	158.92535
65	Tb	142	141.93874	0	158.92535
65	Tb	143	142.935120	0	158.92535
65	Tb	144	143.933050	0	158.92535
65	Tb	145	144.929270	0	158.92535
65	Tb	146	145.927250	0	158.92535
65	Tb	147	146.924045	0	158.92535
65	Tb	148	147.924272	0	158.92535
65	Tb	149	148.923246	0	158.92535
65	Tb	150	149.923660	0	158.92535
65	Tb	151	150.923103	0	158.92535
65	Tb	152	151.924070	0	158.92535
65	Tb	153	152.923435	0	158.92535
65	Tb	154	153.924680	0	158.92535
65	Tb	155	154.923505	0	158.92535
65	Tb	156	155.924747	0	158.92535
65	Tb	157	156.9240246	0	158.92535
65	Tb	158	157.9254131	0	158.92535
65	Tb	159	158.9253468	1.0000	158.92535
65	Tb	160	159.9271676	0	158.92535
65	Tb	161	160.9275699	0	158.92535
65	Tb	162	161.929490	0	158.92535
65	Tb	163	162.930648	0	158.92535
65	Tb	164	163.93335	0	158.92535
65	Tb	165	164.93488	0	158.92535
65	Tb	166	165.93799	0	158.92535
65	Tb	167	166.94005	0	158.92535
65	Tb	168	167.94364	0	158.92535
65	Tb	169	168.94622	0	158.92535
65	Tb	170	169.95025	0	158.92535
65	Tb	171	170.95330	0	158.92535
66	Dy	138	137.96249	0	162.500
66	Dy	139	138.95954	0	162.500
66	Dy	140	139.95401	0	162.500
66	Dy	141	140.95135	0	162.500
66	Dy	142	141.94637	0	162.500
66	Dy	143	142.94383	0	162.500
66	Dy	144	143.939250	0	162.500
66	Dy	145	144.937430	0	162.500
66	Dy	146	145.932845	0	162.500
66	Dy	147	146.931092	0	162.500
66	Dy	148	147.927150	0	162.500
66	Dy	149	148.927305	0	162.500
66	Dy	150	149.925585	0	162.500
66	Dy	151	150.926185	0	162.500
66	Dy	152	151.924718	0	162.500
66	Dy	153	152.925765	0	162.500
66	Dy	154	153.924424	0	162.500
66	Dy	155	154.925754	0	162.500
66	Dy	156	155.924283	0.00056	162.500
66	Dy	157	156.925466	0	162.500
66	Dy	158	157.924409	0.00095	162.500
66	Dy	159	158.9257392	0	162.500
66	Dy	160	159.9251975	0.02329	162.500
66	Dy	161	160.9269334	0.18889	162.500
66	Dy	162	161.9267984	0.25475	162.500
66	Dy	163	162.9287312	0.24896	162.500
66	Dy	164	163.9291748	0.28260	162.500
66	Dy	165	164.9317033	0	162.500
66	Dy	166	165.9328067	0	162.500
66	Dy	167	166.935660	0	162.500
66	Dy	168	167.93713	0	162.500
66	Dy	169	168.94031	0	162.500
66	Dy	170	169.94239	0	162.500
66	Dy	171	170.94620	0	162.500
66	Dy	172	171.94876	0	162.500
66	Dy	173	172.95300	0	162.500
67	Ho	140	139.96854	0	164.93032
67	Ho	141	140.96310	0	164.93032
67	Ho	142	141.95977	0	164.93032
67	Ho	143	142.95461	0	164.93032
67	Ho	144	143.95148	0	164.93032
67	Ho	145	144.94720	0	164.93032
67	Ho	146	145.94464	0	164.93032
67	Ho	147	146.940060	0	164.93032
67	Ho	148	147.93772	0	164.93032
67	Ho	149	148.933775	0	164.93032
67	Ho	150	149.933496	0	164.93032
67	Ho	151	150.931688	0	164.93032
67	Ho	152	151.931714	0	164.93032
67	Ho	153	152.930199	0	164.93032
67	Ho	154	153.930602	0	164.93032
67	Ho	155	154.929103	0	164.93032
67	Ho	156	155.929840	0	164.93032
67	Ho	157	156.928256	0	164.93032
67	Ho	158	157.928941	0	164.93032
67	Ho	159	158.927712	0	164.93032
67	Ho	160	159.928729	0	164.93032
67	Ho	161	160.927855	0	164.93032
67	Ho	162	161.929096	0	164.93032
67	Ho	163	162.9287339	0	164.93032
67	Ho	164	163.9302335	0	164.93032
67	Ho	165	164.9303221	1.0000	164.93032
67	Ho	166	165.9322842	0	164.93032
67	Ho	167	166.933133	0	164.93032
67	Ho	168	167.935520	0	164.93032
67	Ho	169	168.936872	0	164.93032
67	Ho	170	169.939620	0	164.93032
67	Ho	171	170.94147	0	164.93032
67	Ho	172	171.94482	0	164.93032
67	Ho	173	172.94729	0	164.93032
67	Ho	174	173.95115	0	164.93032
67	Ho	175	174.95405	0	164.93032
68	Er	143	142.96634	0	167.259
68	Er	144	143.96038	0	167.259
68	Er	145	144.95739	0	167.259
68	Er	146	145.95200	0	167.259
68	Er	147	146.94949	0	167.259
68	Er	148	147.94455	0	167.259
68	Er	149	148.942310	0	167.259
68	Er	150	149.937914	0	167.259
68	Er	151	150.937449	0	167.259
68	Er	152	151.935050	0	167.259
68	Er	153	152.935063	0	167.259
68	Er	154	153.932783	0	167.259
68	Er	155	154.933209	0	167.259
68	Er	156	155.931065	0	167.259
68	Er	157	156.931920	0	167.259
68	Er	158	157.929893	0	167.259
68	Er	159	158.930684	0	167.259
68	Er	160	159.929083	0	167.259
68	Er	161	160.929995	0	167.259
68	Er	162	161.928778	0.00139	167.259
68	Er	163	162.930033	0	167.259
68	Er	164	163.929200	0.01601	167.259
68	Er	165	164.930726	0	167.259
68	Er	166	165.9302931	0.33503	167.259
68	Er	167	166.9320482	0.22869	167.259
68	Er	168	167.9323702	0.26978	167.259
68	Er	169	168.9345904	0	167.259
68	Er	170	169.9354643	0.14910	167.259
68	Er	171	170.9380298	0	167.259
68	Er	172	171.939356	0	167.259
68	Er	173	172.94240	0	167.259
68	Er	174	173.94423	0	167.259
68	Er	175	174.94777	0	167.259
68	Er	176	175.95008	0	167.259
68	Er	177	176.95405	0	167.259
69	Tm	145	144.97007	0	168.93421
69	Tm	146	145.96643	0	168.93421
69	Tm	147	146.96096	0	168.93421
69	Tm	148	147.95784	0	168.93421
69	Tm	149	148.95272	0	168.93421
69	Tm	150	149.94996	0	168.93421
69	Tm	151	150.945483	0	168.93421
69	Tm	152	151.944420	0	168.93421
69	Tm	153	152.942012	0	168.93421
69	Tm	154	153.941568	0	168.93421
69	Tm	155	154.939199	0	168.93421
69	Tm	156	155.938980	0	168.93421
69	Tm	157	156.936970	0	168.93421
69	Tm	158	157.936980	0	168.93421
69	Tm	159	158.934980	0	168.93421
69	Tm	160	159.935260	0	168.93421
69	Tm	161	160.933550	0	168.93421
69	Tm	162	161.933995	0	168.93421
69	Tm	163	162.932651	0	168.93421
69	Tm	164	163.933560	0	168.93421
69	Tm	165	164.932435	0	168.93421
69	Tm	166	165.933554	0	168.93421
69	Tm	167	166.9328516	0	168.93421
69	Tm	168	167.934173	0	168.93421
69	Tm	169	168.9342133	1.0000	168.93421
69	Tm	170	169.9358014	0	168.93421
69	Tm	171	170.9364294	0	168.93421
69	Tm	172	171.938400	0	168.93421
69	Tm	173	172.939604	0	168.93421
69	Tm	174	173.942170	0	168.93421
69	Tm	175	174.943840	0	168.93421
69	Tm	176	175.94699	0	168.93421
69	Tm	177	176.94904	0	168.93421
69	Tm	178	177.95264	0	168.93421
69	Tm	179	178.95534	0	168.93421
70	Yb	148	147.96742	0	173.054
70	Yb	149	148.96404	0	173.054
70	Yb	150	149.95842	0	173.054
70	Yb	151	150.95540	0	173.054
70	Yb	152	151.95029	0	173.054
70	Yb	153	152.94948	0	173.054
70	Yb	154	153.946394	0	173.054
70	Yb	155	154.945782	0	173.054
70	Yb	156	155.942818	0	173.054
70	Yb	157	156.942628	0	173.054
70	Yb	158	157.939866	0	173.054
70	Yb	159	158.940050	0	173.054
70	Yb	160	159.937552	0	173.054
70	Yb	161	160.937902	0	173.054
70	Yb	162	161.935768	0	173.054
70	Yb	163	162.936334	0	173.054
70	Yb	164	163.934489	0	173.054
70	Yb	165	164.935280	0	173.054
70	Yb	166	165.933882	0	173.054
70	Yb	167	166.934950	0	173.054
70	Yb	168	167.933897	0.0013	173.054
70	Yb	169	168.935190	0	173.054
70	Yb	170	169.9347618	0.0304	173.054
70	Yb	171	170.9363258	0.1428	173.054
70	Yb	172	171.9363815	0.2183	173.054
70	Yb	173	172.9382108	0.1613	173.054
70	Yb	174	173.9388621	0.3183	173.054
70	Yb	175	174.9412765	0	173.054
70	Yb	176	175.9425717	0.1276	173.054
70	Yb	177	176.9452608	0	173.054
70	Yb	178	177.946647	0	173.054
70	Yb	179	178.95017	0	173.054
70	Yb	180	179.95233	0	173.054
70	Yb	181	180.95615	0	173.054
71	Lu	150	149.97323	0	174.9668
71	Lu	151	150.96758	0	174.9668
71	Lu	152	151.96412	0	174.9668
71	Lu	153	152.95877	0	174.9668
71	Lu	154	153.95752	0	174.9668
71	Lu	155	154.954316	0	174.9668
71	Lu	156	155.953030	0	174.9668
71	Lu	157	156.950098	0	174.9668
71	Lu	158	157.949313	0	174.9668
71	Lu	159	158.946630	0	174.9668
71	Lu	160	159.946030	0	174.9668
71	Lu	161	160.943570	0	174.9668
71	Lu	162	161.943280	0	174.9668
71	Lu	163	162.941180	0	174.9668
71	Lu	164	163.941340	0	174.9668
71	Lu	165	164.939407	0	174.9668
71	Lu	166	165.939860	0	174.9668
71	Lu	167	166.938270	0	174.9668
71	Lu	168	167.938740	0	174.9668
71	Lu	169	168.937651	0	174.9668
71	Lu	170	169.938475	0	174.9668
71	Lu	171	170.9379131	0	174.9668
71	Lu	172	171.939086	0	174.9668
71	Lu	173	172.9389306	0	174.9668
71	Lu	174	173.9403375	0	174.9668
71	Lu	175	174.9407718	0.9741	174.9668
71	Lu	176	175.9426863	0.0259	174.9668
71	Lu	177	176.9437581	0	174.9668
71	Lu	178	177.945955	0	174.9668
71	Lu	179	178.947327	0	174.9668
71	Lu	180	179.949880	0	174.9668
71	Lu	181	180.95197	0	174.9668
71	Lu	182	181.95504	0	174.9668
71	Lu	183	182.95757	0	174.9668
71	Lu	184	183.96091	0	174.9668
72	Hf	153	152.97069	0	178.49
72	Hf	154	153.96486	0	178.49
72	Hf	155	154.96339	0	178.49
72	Hf	156	155.95936	0	178.49
72	Hf	157	156.95840	0	178.49
72	Hf	158	157.954799	0	178.49
72	Hf	159	158.953995	0	178.49
72	Hf	160	159.950684	0	178.49
72	Hf	161	160.950275	0	178.49
72	Hf	162	161.947210	0	178.49
72	Hf	163	162.947090	0	178.49
72	Hf	164	163.944367	0	178.49
72	Hf	165	164.944570	0	178.49
72	Hf	166	165.942180	0	178.49
72	Hf	167	166.942600	0	178.49
72	Hf	168	167.940570	0	178.49
72	Hf	169	168.941260	0	178.49
72	Hf	170	169.939610	0	178.49
72	Hf	171	170.940490	0	178.49
72	Hf	172	171.939448	0	178.49
72	Hf	173	172.940510	0	178.49
72	Hf	174	173.940046	0.0016	178.49
72	Hf	175	174.941509	0	178.49
72	Hf	176	175.9414086	0.0526	178.49
72	Hf	177	176.9432207	0.1860	178.49
72	Hf	178	177.9436988	0.2728	178.49
72	Hf	179	178.9458161	0.1362	178.49
72	Hf	180	179.9465500	0.3508	178.49
72	Hf	181	180.9491012	0	178.49
72	Hf	182	181.950554	0	178.49
72	Hf	183	182.953530	0	178.49
72	Hf	184	183.955450	0	178.49
72	Hf	185	184.95882	0	178.49
72	Hf	186	185.96089	0	178.49
72	Hf	187	186.96459	0	178.49
72	Hf	188	187.96685	0	178.49
73	Ta	155	154.97459	0	180.94788
73	Ta	156	155.97230	0	180.94788
73	Ta	157	156.96819	0	180.94788
73	Ta	158	157.96670	0	180.94788
73	Ta	159	158.963018	0	180.94788
73	Ta	160	159.96149	0	180.94788
73	Ta	161	160.958420	0	180.94788
73	Ta	162	161.957290	0	180.94788
73	Ta	163	162.954330	0	180.94788
73	Ta	164	163.953530	0	180.94788
73	Ta	165	164.950773	0	180.94788
73	Ta	166	165.950510	0	180.94788
73	Ta	167	166.948090	0	180.94788
73	Ta	168	167.948050	0	180.94788
73	Ta	169	168.946010	0	180.94788
73	Ta	170	169.946180	0	180.94788
73	Ta	171	170.944480	0	180.94788
73	Ta	172	171.944900	0	180.94788
73	Ta	173	172.943750	0	180.94788
73	Ta	174	173.944450	0	180.94788
73	Ta	175	174.943740	0	180.94788
73	Ta	176	175.944860	0	180.94788
73	Ta	177	176.944472	0	180.94788
73	Ta	178	177.945778	0	180.94788
73	Ta	179	178.9459295	0	180.94788
73	Ta	180	179.9474648	0.00012	180.94788
73	Ta	181	180.9479958	0.99988	180.94788
73	Ta	182	181.9501518	0	180.94788
73	Ta	183	182.9513726	0	180.94788
73	Ta	184	183.954008	0	180.94788
73	Ta	185	184.955559	0	180.94788
73	Ta	186	185.958550	0	180.94788
73	Ta	187	186.96053	0	180.94788
73	Ta	188	187.96370	0	180.94788
73	Ta	189	188.96583	0	180.94788
73	Ta	190	189.96923	0	180.94788
74	W	158	157.97456	0	183.84
74	W	159	158.97292	0	183.84
74	W	160	159.96848	0	183.84
74	W	161	160.96736	0	183.84
74	W	162	161.963497	0	183.84
74	W	163	162.962520	0	183.84
74	W	164	163.958954	0	183.84
74	W	165	164.958280	0	183.84
74	W	166	165.955027	0	183.84
74	W	167	166.954816	0	183.84
74	W	168	167.951808	0	183.84
74	W	169	168.951779	0	183.84
74	W	170	169.949228	0	183.84
74	W	171	170.949450	0	183.84
74	W	172	171.947290	0	183.84
74	W	173	172.947690	0	183.84
74	W	174	173.946080	0	183.84
74	W	175	174.946720	0	183.84
74	W	176	175.945630	0	183.84
74	W	177	176.946640	0	183.84
74	W	178	177.945876	0	183.84
74	W	179	178.947070	0	183.84
74	W	180	179.946704	0.0012	183.84
74	W	181	180.948197	0	183.84
74	W	182	181.9482042	0.2650	183.84
74	W	183	182.9502230	0.1431	183.84
74	W	184	183.9509312	0.3064	183.84
74	W	185	184.9534193	0	183.84
74	W	186	185.9543641	0.2843	183.84
74	W	187	186.9571605	0	183.84
74	W	188	187.958489	0	183.84
74	W	189	188.96191	0	183.84
74	W	190	189.96318	0	183.84
74	W	191	190.96660	0	183.84
74	W	192	191.96817	0	183.84
75	Re	160	159.98212	0	186.207
75	Re	161	160.97759	0	186.207
75	Re	162	161.97600	0	186.207
75	Re	163	162.972081	0	186.207
75	Re	164	163.97032	0	186.207
75	Re	165	164.967089	0	186.207
75	Re	166	165.965810	0	186.207
75	Re	167	166.962600	0	186.207
75	Re	168	167.961570	0	186.207
75	Re	169	168.958790	0	186.207
75	Re	170	169.958220	0	186.207
75	Re	171	170.955720	0	186.207
75	Re	172	171.955420	0	186.207
75	Re	173	172.953240	0	186.207
75	Re	174	173.953120	0	186.207
75	Re	175	174.951380	0	186.207
75	Re	176	175.951620	0	186.207
75	Re	177	176.950330	0	186.207
75	Re	178	177.950990	0	186.207
75	Re	179	178.949988	0	186.207
75	Re	180	179.950789	0	186.207
75	Re	181	180.950068	0	186.207
75	Re	182	181.95121	0	186.207
75	Re	183	182.950820	0	186.207
75	Re	184	183.952521	0	186.207
75	Re	185	184.9529550	0.3740	186.207
75	Re	186	185.9549861	0	186.207
75	Re	187	186.9557531	0.6260	186.207
75	Re	188	187.9581144	0	186.207
75	Re	189	188.959229	0	186.207
75	Re	190	189.96182	0	186.207
75	Re	191	190.963125	0	186.207
75	Re	192	191.96596	0	186.207
75	Re	193	192.96747	0	186.207
75	Re	194	193.97042	0	186.207
76	Os	162	161.98443	0	190.23
76	Os	163	162.98269	0	190.23
76	Os	164	163.97804	0	190.23
76	Os	165	164.97676	0	190.23
76	Os	166	165.972691	0	190.23
76	Os	167	166.971550	0	190.23
76	Os	168	167.967804	0	190.23
76	Os	169	168.967019	0	190.23
76	Os	170	169.963577	0	190.23
76	Os	171	170.963185	0	190.23
76	Os	172	171.960023	0	190.23
76	Os	173	172.959808	0	190.23
76	Os	174	173.957062	0	190.23
76	Os	175	174.956946	0	190.23
76	Os	176	175.954810	0	190.23
76	Os	177	176.954965	0	190.23
76	Os	178	177.953251	0	190.23
76	Os	179	178.953816	0	190.23
76	Os	180	179.952379	0	190.23
76	Os	181	180.953240	0	190.23
76	Os	182	181.952110	0	190.23
76	Os	183	182.953130	0	190.23
76	Os	184	183.9524891	0.0002	190.23
76	Os	185	184.9540423	0	190.23
76	Os	186	185.9538382	0.0159	190.23
76	Os	187	186.9557505	0.0196	190.23
76	Os	188	187.9558382	0.1324	190.23
76	Os	189	188.9581475	0.1615	190.23
76	Os	190	189.9584470	0.2626	190.23
76	Os	191	190.9609297	0	190.23
76	Os	192	191.9614807	0.4078	190.23
76	Os	193	192.9641516	0	190.23
76	Os	194	193.9651821	0	190.23
76	Os	195	194.96813	0	190.23
76	Os	196	195.969640	0	190.23
77	Ir	164	163.99220	0	192.217
77	Ir	165	164.98752	0	192.217
77	Ir	166	165.98582	0	192.217
77	Ir	167	166.981665	0	192.217
77	Ir	168	167.97988	0	192.217
77	Ir	169	168.976295	0	192.217
77	Ir	170	169.97497	0	192.217
77	Ir	171	170.971630	0	192.217
77	Ir	172	171.97046	0	192.217
77	Ir	173	172.967502	0	192.217
77	Ir	174	173.966861	0	192.217
77	Ir	175	174.964113	0	192.217
77	Ir	176	175.963649	0	192.217
77	Ir	177	176.961302	0	192.217
77	Ir	178	177.961082	0	192.217
77	Ir	179	178.959122	0	192.217
77	Ir	180	179.959229	0	192.217
77	Ir	181	180.957625	0	192.217
77	Ir	182	181.958076	0	192.217
77	Ir	183	182.956846	0	192.217
77	Ir	184	183.957480	0	192.217
77	Ir	185	184.956700	0	192.217
77	Ir	186	185.957946	0	192.217
77	Ir	187	186.957363	0	192.217
77	Ir	188	187.958853	0	192.217
77	Ir	189	188.958719	0	192.217
77	Ir	190	189.9605460	0	192.217
77	Ir	191	190.9605940	0.373	192.217
77	Ir	192	191.9626050	0	192.217
77	Ir	193	192.9629264	0.627	192.217
77	Ir	194	193.9650784	0	192.217
77	Ir	195	194.9659796	0	192.217
77	Ir	196	195.968400	0	192.217
77	Ir	197	196.969653	0	192.217
77	Ir	198	197.97228	0	192.217
77	Ir	199	198.973800	0	192.217
78	Pt	166	165.99486	0	195.084
78	Pt	167	166.99298	0	195.084
78	Pt	168	167.98815	0	195.084
78	Pt	169	168.98672	0	195.084
78	Pt	170	169.982495	0	195.084
78	Pt	171	170.981240	0	195.084
78	Pt	172	171.977347	0	195.084
78	Pt	173	172.976440	0	195.084
78	Pt	174	173.972819	0	195.084
78	Pt	175	174.972421	0	195.084
78	Pt	176	175.968945	0	195.084
78	Pt	177	176.968469	0	195.084
78	Pt	178	177.965649	0	195.084
78	Pt	179	178.965363	0	195.084
78	Pt	180	179.963031	0	195.084
78	Pt	181	180.963097	0	195.084
78	Pt	182	181.961171	0	195.084
78	Pt	183	182.961597	0	195.084
78	Pt	184	183.959922	0	195.084
78	Pt	185	184.960620	0	195.084
78	Pt	186	185.959351	0	195.084
78	Pt	187	186.960590	0	195.084
78	Pt	188	187.959395	0	195.084
78	Pt	189	188.960834	0	195.084
78	Pt	190	189.959932	0.00014	195.084
78	Pt	191	190.961677	0	195.084
78	Pt	192	191.9610380	0.00782	195.084
78	Pt	193	192.9629874	0	195.084
78	Pt	194	193.9626803	0.32967	195.084
78	Pt	195	194.9647911	0.33832	195.084
78	Pt	196	195.9649515	0.25242	195.084
78	Pt	197	196.9673402	0	195.084
78	Pt	198	197.967893	0.07163	195.084
78	Pt	199	198.970593	0	195.084
78	Pt	200	199.971441	0	195.084
78	Pt	201	200.974510	0	195.084
78	Pt	202	201.97574	0	195.084
79	Au	169	168.99808	0	196.966569
79	Au	170	169.99612	0	196.966569
79	Au	171	170.991879	0	196.966569
79	Au	172	171.99004	0	196.966569
79	Au	173	172.986237	0	196.966569
79	Au	174	173.98476	0	196.966569
79	Au	175	174.981270	0	196.966569
79	Au	176	175.98010	0	196.966569
79	Au	177	176.976865	0	196.966569
79	Au	178	177.976030	0	196.966569
79	Au	179	178.973213	0	196.966569
79	Au	180	179.972521	0	196.966569
79	Au	181	180.970079	0	196.966569
79	Au	182	181.969618	0	196.966569
79	Au	183	182.967593	0	196.966569
79	Au	184	183.967452	0	196.966569
79	Au	185	184.965789	0	196.966569
79	Au	186	185.965953	0	196.966569
79	Au	187	186.964568	0	196.966569
79	Au	188	187.965324	0	196.966569
79	Au	189	188.963948	0	196.966569
79	Au	190	189.964700	0	196.966569
79	Au	191	190.963700	0	196.966569
79	Au	192	191.964813	0	196.966569
79	Au	193	192.964150	0	196.966569
79	Au	194	193.965365	0	196.966569
79	Au	195	194.9650346	0	196.966569
79	Au	196	195.966570	0	196.966569
79	Au	197	196.9665687	1.0000	196.966569
79	Au	198	197.9682423	0	196.966569
79	Au	199	198.9687652	0	196.966569
79	Au	200	199.970730	0	196.966569
79	Au	201	200.971657	0	196.966569
79	Au	202	201.97381	0	196.966569
79	Au	203	202.975155	0	196.966569
79	Au	204	203.97772	0	196.966569
79	Au	205	204.97987	0	196.966569
80	Hg	171	171.00376	0	200.59
80	Hg	172	171.99883	0	200.59
80	Hg	173	172.99724	0	200.59
80	Hg	174	173.992864	0	200.59
80	Hg	175	174.99142	0	200.59
80	Hg	176	175.987355	0	200.59
80	Hg	177	176.986280	0	200.59
80	Hg	178	177.982483	0	200.59
80	Hg	179	178.981834	0	200.59
80	Hg	180	179.978266	0	200.59
80	Hg	181	180.977819	0	200.59
80	Hg	182	181.974690	0	200.59
80	Hg	183	182.974450	0	200.59
80	Hg	184	183.971713	0	200.59
80	Hg	185	184.971899	0	200.59
80	Hg	186	185.969362	0	200.59
80	Hg	187	186.969814	0	200.59
80	Hg	188	187.967577	0	200.59
80	Hg	189	188.968190	0	200.59
80	Hg	190	189.966322	0	200.59
80	Hg	191	190.967157	0	200.59
80	Hg	192	191.965634	0	200.59
80	Hg	193	192.966665	0	200.59
80	Hg	194	193.965439	0	200.59
80	Hg	195	194.966720	0	200.59
80	Hg	196	195.965833	0.0015	200.59
80	Hg	197	196.967213	0	200.59
80	Hg	198	197.9667690	0.0997	200.59
80	Hg	199	198.9682799	0.1687	200.59
80	Hg	200	199.9683260	0.2310	200.59
80	Hg	201	200.9703023	0.1318	200.59
80	Hg	202	201.9706430	0.2986	200.59
80	Hg	203	202.9728725	0	200.59
80	Hg	204	203.9734939	0.0687	200.59
80	Hg	205	204.976073	0	200.59
80	Hg	206	205.977514	0	200.59
80	Hg	207	206.98259	0	200.59
80	Hg	208	207.98594	0	200.59
80	Hg	209	208.99104	0	200.59
80	Hg	210	209.99451	0	200.59
81	Tl	176	176.00059	0	204.3833
81	Tl	177	176.996427	0	204.3833
81	Tl	178	177.99490	0	204.3833
81	Tl	179	178.991090	0	204.3833
81	Tl	180	179.98991	0	204.3833
81	Tl	181	180.986257	0	204.3833
81	Tl	182	181.985670	0	204.3833
81	Tl	183	182.982193	0	204.3833
81	Tl	184	183.981870	0	204.3833
81	Tl	185	184.978790	0	204.3833
81	Tl	186	185.97833	0	204.3833
81	Tl	187	186.975906	0	204.3833
81	Tl	188	187.976010	0	204.3833
81	Tl	189	188.973588	0	204.3833
81	Tl	190	189.973880	0	204.3833
81	Tl	191	190.971786	0	204.3833
81	Tl	192	191.972230	0	204.3833
81	Tl	193	192.97067	0	204.3833
81	Tl	194	193.97120	0	204.3833
81	Tl	195	194.969774	0	204.3833
81	Tl	196	195.970481	0	204.3833
81	Tl	197	196.969575	0	204.3833
81	Tl	198	197.970480	0	204.3833
81	Tl	199	198.969880	0	204.3833
81	Tl	200	199.970963	0	204.3833
81	Tl	201	200.970819	0	204.3833
81	Tl	202	201.972106	0	204.3833
81	Tl	203	202.9723442	0.2952	204.3833
81	Tl	204	203.9738635	0	204.3833
81	Tl	205	204.9744275	0.7048	204.3833
81	Tl	206	205.9761103	0	204.3833
81	Tl	207	206.977419	0	204.3833
81	Tl	208	207.9820187	0	204.3833
81	Tl	209	208.985359	0	204.3833
81	Tl	210	209.990074	0	204.3833
81	Tl	211	210.99348	0	204.3833
81	Tl	212	211.99823	0	204.3833
82	Pb	178	178.003830	0	207.2
82	Pb	179	179.00215	0	207.2
82	Pb	180	179.997918	0	207.2
82	Pb	181	180.99662	0	207.2
82	Pb	182	181.992672	0	207.2
82	Pb	183	182.991870	0	207.2
82	Pb	184	183.988142	0	207.2
82	Pb	185	184.987610	0	207.2
82	Pb	186	185.984239	0	207.2
82	Pb	187	186.983918	0	207.2
82	Pb	188	187.980874	0	207.2
82	Pb	189	188.980810	0	207.2
82	Pb	190	189.978082	0	207.2
82	Pb	191	190.978270	0	207.2
82	Pb	192	191.975785	0	207.2
82	Pb	193	192.976170	0	207.2
82	Pb	194	193.974012	0	207.2
82	Pb	195	194.974542	0	207.2
82	Pb	196	195.972774	0	207.2
82	Pb	197	196.973431	0	207.2
82	Pb	198	197.972034	0	207.2
82	Pb	199	198.972917	0	207.2
82	Pb	200	199.971827	0	207.2
82	Pb	201	200.972885	0	207.2
82	Pb	202	201.972159	0	207.2
82	Pb	203	202.973391	0	207.2
82	Pb	204	203.9730436	0.014	207.2
82	Pb	205	204.9744818	0	207.2
82	Pb	206	205.9744653	0.241	207.2
82	Pb	207	206.9758969	0.221	207.2
82	Pb	208	207.9766521	0.524	207.2
82	Pb	209	208.9810901	0	207.2
82	Pb	210	209.9841885	0	207.2
82	Pb	211	210.9887370	0	207.2
82	Pb	212	211.9918975	0	207.2
82	Pb	213	212.996581	0	207.2
82	Pb	214	213.9998054	0	207.2
82	Pb	215	215.00481	0	207.2
83	Bi	184	184.00112	0	208.98040
83	Bi	185	184.997630	0	208.98040
83	Bi	186	185.996600	0	208.98040
83	Bi	187	186.993158	0	208.98040
83	Bi	188	187.992270	0	208.98040
83	Bi	189	188.989200	0	208.98040
83	Bi	190	189.98830	0	208.98040
83	Bi	191	190.985786	0	208.98040
83	Bi	192	191.985460	0	208.98040
83	Bi	193	192.982960	0	208.98040
83	Bi	194	193.982830	0	208.98040
83	Bi	195	194.980651	0	208.98040
83	Bi	196	195.980667	0	208.98040
83	Bi	197	196.978864	0	208.98040
83	Bi	198	197.979210	0	208.98040
83	Bi	199	198.977672	0	208.98040
83	Bi	200	199.978132	0	208.98040
83	Bi	201	200.977009	0	208.98040
83	Bi	202	201.977742	0	208.98040
83	Bi	203	202.976876	0	208.98040
83	Bi	204	203.977813	0	208.98040
83	Bi	205	204.977389	0	208.98040
83	Bi	206	205.978499	0	208.98040
83	Bi	207	206.9784707	0	208.98040
83	Bi	208	207.9797422	0	208.98040
83	Bi	209	208.9803987	1.0000	208.98040
83	Bi	210	209.9841204	0	208.98040
83	Bi	211	210.987269	0	208.98040
83	Bi	212	211.9912857	0	208.98040
83	Bi	213	212.994385	0	208.98040
83	Bi	214	213.998712	0	208.98040
83	Bi	215	215.001770	0	208.98040
83	Bi	216	216.006306	0	208.98040
83	Bi	217	217.00947	0	208.98040
83	Bi	218	218.01432	0	208.98040
84	Po	188	187.999422	0	188
84	Po	189	188.998481	0	189
84	Po	190	189.995101	0	190
84	Po	191	190.994574	0	191
84	Po	192	191.991335	0	192
84	Po	193	192.991030	0	193
84	Po	194	193.988186	0	194
84	Po	195	194.988110	0	195
84	Po	196	195.985535	0	196
84	Po	197	196.985660	0	197
84	Po	198	197.983389	0	198
84	Po	199	198.983666	0	199
84	Po	200	199.981799	0	200
84	Po	201	200.982260	0	201
84	Po	202	201.980758	0	202
84	Po	203	202.981420	0	203
84	Po	204	203.980318	0	204
84	Po	205	204.981203	0	205
84	Po	206	205.980481	0	206
84	Po	207	206.981593	0	207
84	Po	208	207.9812457	0	208
84	Po	209	208.9824304	0	209
84	Po	210	209.9828737	0	210
84	Po	211	210.9866532	0	211
84	Po	212	211.9888680	0	212
84	Po	213	212.992857	0	213
84	Po	214	213.9952014	0	214
84	Po	215	214.9994200	0	215
84	Po	216	216.0019150	0	216
84	Po	217	217.006335	0	217
84	Po	218	218.0089730	0	218
84	Po	219	219.01374	0	219
84	Po	220	220.01660	0	220
85	At	193	192.999840	0	193
85	At	194	193.99873	0	194
85	At	195	194.996268	0	195
85	At	196	195.995790	0	196
85	At	197	196.993190	0	197
85	At	198	197.992840	0	198
85	At	199	198.990530	0	199
85	At	200	199.990351	0	200
85	At	201	200.988417	0	201
85	At	202	201.988630	0	202
85	At	203	202.986942	0	203
85	At	204	203.987251	0	204
85	At	205	204.986074	0	205
85	At	206	205.986667	0	206
85	At	207	206.985784	0	207
85	At	208	207.986590	0	208
85	At	209	208.986173	0	209
85	At	210	209.987148	0	210
85	At	211	210.9874963	0	211
85	At	212	211.990745	0	212
85	At	213	212.992937	0	213
85	At	214	213.996372	0	214
85	At	215	214.998653	0	215
85	At	216	216.002423	0	216
85	At	217	217.004719	0	217
85	At	218	218.008694	0	218
85	At	219	219.011162	0	219
85	At	220	220.015410	0	220
85	At	221	221.01805	0	221
85	At	222	222.02233	0	222
85	At	223	223.02519	0	223
86	Rn	195	195.005440	0	195
86	Rn	196	196.002115	0	196
86	Rn	197	197.001580	0	197
86	Rn	198	197.998679	0	198
86	Rn	199	198.998370	0	199
86	Rn	200	199.995699	0	200
86	Rn	201	200.995630	0	201
86	Rn	202	201.993263	0	202
86	Rn	203	202.993387	0	203
86	Rn	204	203.991429	0	204
86	Rn	205	204.991720	0	205
86	Rn	206	205.990214	0	206
86	Rn	207	206.990734	0	207
86	Rn	208	207.989642	0	208
86	Rn	209	208.990415	0	209
86	Rn	210	209.989696	0	210
86	Rn	211	210.990601	0	211
86	Rn	212	211.990704	0	212
86	Rn	213	212.993883	0	213
86	Rn	214	213.995363	0	214
86	Rn	215	214.998745	0	215
86	Rn	216	216.000274	0	216
86	Rn	217	217.003928	0	217
86	Rn	218	218.0056013	0	218
86	Rn	219	219.0094802	0	219
86	Rn	220	220.0113940	0	220
86	Rn	221	221.015537	0	221
86	Rn	222	222.0175777	0	222
86	Rn	223	223.02179	0	223
86	Rn	224	224.02409	0	224
86	Rn	225	225.02844	0	225
86	Rn	226	226.03089	0	226
86	Rn	227	227.03541	0	227
86	Rn	228	228.03799	0	228
87	Fr	199	199.007260	0	199
87	Fr	200	200.006570	0	200
87	Fr	201	201.003860	0	201
87	Fr	202	202.003370	0	202
87	Fr	203	203.000925	0	203
87	Fr	204	204.000653	0	204
87	Fr	205	204.998594	0	205
87	Fr	206	205.998670	0	206
87	Fr	207	206.996950	0	207
87	Fr	208	207.997140	0	208
87	Fr	209	208.995954	0	209
87	Fr	210	209.996408	0	210
87	Fr	211	210.995537	0	211
87	Fr	212	211.996202	0	212
87	Fr	213	212.996189	0	213
87	Fr	214	213.998971	0	214
87	Fr	215	215.000341	0	215
87	Fr	216	216.003198	0	216
87	Fr	217	217.004632	0	217
87	Fr	218	218.007578	0	218
87	Fr	219	219.009252	0	219
87	Fr	220	220.012327	0	220
87	Fr	221	221.014255	0	221
87	Fr	222	222.017552	0	222
87	Fr	223	223.0197359	0	223
87	Fr	224	224.023250	0	224
87	Fr	225	225.025570	0	225
87	Fr	226	226.02939	0	226
87	Fr	227	227.03184	0	227
87	Fr	228	228.03573	0	228
87	Fr	229	229.038450	0	229
87	Fr	230	230.04251	0	230
87	Fr	231	231.04544	0	231
87	Fr	232	232.04977	0	232
88	Ra	202	202.009890	0	202
88	Ra	203	203.009270	0	203
88	Ra	204	204.006500	0	204
88	Ra	205	205.006270	0	205
88	Ra	206	206.003827	0	206
88	Ra	207	207.003800	0	207
88	Ra	208	208.001840	0	208
88	Ra	209	209.001990	0	209
88	Ra	210	210.000495	0	210
88	Ra	211	211.000898	0	211
88	Ra	212	211.999794	0	212
88	Ra	213	213.000384	0	213
88	Ra	214	214.000108	0	214
88	Ra	215	215.002720	0	215
88	Ra	216	216.003533	0	216
88	Ra	217	217.006320	0	217
88	Ra	218	218.007140	0	218
88	Ra	219	219.010085	0	219
88	Ra	220	220.011028	0	220
88	Ra	221	221.013917	0	221
88	Ra	222	222.015375	0	222
88	Ra	223	223.0185022	0	223
88	Ra	224	224.0202118	0	224
88	Ra	225	225.023612	0	225
88	Ra	226	226.0254098	0	226
88	Ra	227	227.0291778	0	227
88	Ra	228	228.0310703	0	228
88	Ra	229	229.034958	0	229
88	Ra	230	230.037056	0	230
88	Ra	231	231.04122	0	231
88	Ra	232	232.04364	0	232
88	Ra	233	233.04806	0	233
88	Ra	234	234.05070	0	234
89	Ac	206	206.014500	0	206
89	Ac	207	207.011950	0	207
89	Ac	208	208.011550	0	208
89	Ac	209	209.009490	0	209
89	Ac	210	210.009440	0	210
89	Ac	211	211.007730	0	211
89	Ac	212	212.007810	0	212
89	Ac	213	213.006610	0	213
89	Ac	214	214.006902	0	214
89	Ac	215	215.006454	0	215
89	Ac	216	216.008720	0	216
89	Ac	217	217.009347	0	217
89	Ac	218	218.011640	0	218
89	Ac	219	219.012420	0	219
89	Ac	220	220.014763	0	220
89	Ac	221	221.015590	0	221
89	Ac	222	222.017844	0	222
89	Ac	223	223.019137	0	223
89	Ac	224	224.021723	0	224
89	Ac	225	225.023230	0	225
89	Ac	226	226.026098	0	226
89	Ac	227	227.0277521	0	227
89	Ac	228	228.0310211	0	228
89	Ac	229	229.033020	0	229
89	Ac	230	230.03629	0	230
89	Ac	231	231.03856	0	231
89	Ac	232	232.04203	0	232
89	Ac	233	233.04455	0	233
89	Ac	234	234.04842	0	234
89	Ac	235	235.05123	0	235
89	Ac	236	236.05530	0	236
90	Th	209	209.01772	0	232.03806
90	Th	210	210.015075	0	232.03806
90	Th	211	211.014930	0	232.03806
90	Th	212	212.012980	0	232.03806
90	Th	213	213.013010	0	232.03806
90	Th	214	214.011500	0	232.03806
90	Th	215	215.011730	0	232.03806
90	Th	216	216.011062	0	232.03806
90	Th	217	217.013114	0	232.03806
90	Th	218	218.013284	0	232.03806
90	Th	219	219.015540	0	232.03806
90	Th	220	220.015748	0	232.03806
90	Th	221	221.018184	0	232.03806
90	Th	222	222.018468	0	232.03806
90	Th	223	223.020811	0	232.03806
90	Th	224	224.021467	0	232.03806
90	Th	225	225.023951	0	232.03806
90	Th	226	226.024903	0	232.03806
90	Th	227	227.0277041	0	232.03806
90	Th	228	228.0287411	0	232.03806
90	Th	229	229.031762	0	232.03806
90	Th	230	230.0331338	0	232.03806
90	Th	231	231.0363043	0	232.03806
90	Th	232	232.0380553	1.0000	232.03806
90	Th	233	233.0415818	0	232.03806
90	Th	234	234.043601	0	232.03806
90	Th	235	235.047510	0	232.03806
90	Th	236	236.04987	0	232.03806
90	Th	237	237.05389	0	232.03806
90	Th	238	238.05650	0	232.03806
91	Pa	212	212.023200	0	231.03588
91	Pa	213	213.021110	0	231.03588
91	Pa	214	214.020920	0	231.03588
91	Pa	215	215.019190	0	231.03588
91	Pa	216	216.019110	0	231.03588
91	Pa	217	217.018320	0	231.03588
91	Pa	218	218.020042	0	231.03588
91	Pa	219	219.019880	0	231.03588
91	Pa	220	220.021880	0	231.03588
91	Pa	221	221.021880	0	231.03588
91	Pa	222	222.023740	0	231.03588
91	Pa	223	223.023960	0	231.03588
91	Pa	224	224.025626	0	231.03588
91	Pa	225	225.026130	0	231.03588
91	Pa	226	226.027948	0	231.03588
91	Pa	227	227.028805	0	231.03588
91	Pa	228	228.031051	0	231.03588
91	Pa	229	229.0320968	0	231.03588
91	Pa	230	230.034541	0	231.03588
91	Pa	231	231.0358840	1.0000	231.03588
91	Pa	232	232.038592	0	231.03588
91	Pa	233	233.0402473	0	231.03588
91	Pa	234	234.043308	0	231.03588
91	Pa	235	235.045440	0	231.03588
91	Pa	236	236.04868	0	231.03588
91	Pa	237	237.05115	0	231.03588
91	Pa	238	238.054500	0	231.03588
91	Pa	239	239.05726	0	231.03588
91	Pa	240	240.06098	0	231.03588
92	U	217	217.024370	0	238.02891
92	U	218	218.023540	0	238.02891
92	U	219	219.024920	0	238.02891
92	U	220	220.02472	0	238.02891
92	U	221	221.02640	0	238.02891
92	U	222	222.02609	0	238.02891
92	U	223	223.027740	0	238.02891
92	U	224	224.027605	0	238.02891
92	U	225	225.029391	0	238.02891
92	U	226	226.029339	0	238.02891
92	U	227	227.031156	0	238.02891
92	U	228	228.031374	0	238.02891
92	U	229	229.033506	0	238.02891
92	U	230	230.033940	0	238.02891
92	U	231	231.036294	0	238.02891
92	U	232	232.0371562	0	238.02891
92	U	233	233.0396352	0	238.02891
92	U	234	234.0409521	0.000054	238.02891
92	U	235	235.0439299	0.007204	238.02891
92	U	236	236.0455680	0	238.02891
92	U	237	237.0487302	0	238.02891
92	U	238	238.0507882	0.992742	238.02891
92	U	239	239.0542933	0	238.02891
92	U	240	240.056592	0	238.02891
92	U	241	241.06033	0	238.02891
92	U	242	242.06293	0	238.02891
93	Np	225	225.033910	0	225
93	Np	226	226.03515	0	226
93	Np	227	227.034960	0	227
93	Np	228	228.03618	0	228
93	Np	229	229.036260	0	229
93	Np	230	230.037830	0	230
93	Np	231	231.038250	0	231
93	Np	232	232.04011	0	232
93	Np	233	233.040740	0	233
93	Np	234	234.042895	0	234
93	Np	235	235.0440633	0	235
93	Np	236	236.046570	0	236
93	Np	237	237.0481734	0	237
93	Np	238	238.0509464	0	238
93	Np	239	239.0529390	0	239
93	Np	240	240.056162	0	240
93	Np	241	241.058250	0	241
93	Np	242	242.06164	0	242
93	Np	243	243.064280	0	243
93	Np	244	244.06785	0	244
94	Pu	228	228.038740	0	228
94	Pu	229	229.040150	0	229
94	Pu	230	230.039650	0	230
94	Pu	231	231.041101	0	231
94	Pu	232	232.041187	0	232
94	Pu	233	233.043000	0	233
94	Pu	234	234.043317	0	234
94	Pu	235	235.045286	0	235
94	Pu	236	236.0460580	0	236
94	Pu	237	237.0484097	0	237
94	Pu	238	238.0495599	0	238
94	Pu	239	239.0521634	0	239
94	Pu	240	240.0538135	0	240
94	Pu	241	241.0568515	0	241
94	Pu	242	242.0587426	0	242
94	Pu	243	243.062003	0	243
94	Pu	244	244.064204	0	244
94	Pu	245	245.067747	0	245
94	Pu	246	246.070205	0	246
94	Pu	247	247.07407	0	247
				0	
