0.000999999	172.13
0.0011	175.17
0.0012	177.96
0.0013	180.56
0.0014	182.99
0.0015	185.3
0.0016	187.49
0.0017	189.56
0.0018	191.58
0.002	195.34
0.00225	199.71
0.0025	203.86
0.00275	207.8
0.003	211.52
0.00325	215.02
0.0035	218.51
0.00375	221.89
0.004	225.13
0.0045	231.54
0.005	237.6
0.0055	243.48
0.006	249.16
0.0065	254.71
0.007	260.11
0.008	270.61
0.009	280.94
0.01	290.83
0.011	300.4
0.012	309.62
0.013	318.74
0.014	327.84
0.015	336.78
0.016	345.66
0.017	354.45
0.018	363.23
0.02	380.36
0.0225	401.23
0.025	421.45
0.0275	441.02
0.03	460.01
0.0325	478.38
0.035	496.08
0.0375	513.41
0.04	530.25
0.045	562.56
0.05	593.34
0.055	622.63
0.06	650.78
0.065	677.66
0.07	703.54
0.08	752.36
0.09	797.74
0.1	840.2
0.11	879.91
0.12	917.12
0.13	952.23
0.14	985.308
0.15	1016.64
0.16	1046.23
0.17	1073.86
0.18	1099.52
0.2	1147.93
0.225	1202.33
0.25	1248.83
0.275	1290.41
0.3	1326.05
0.325	1356.74
0.35	1384.46
0.375	1408.22
0.4	1428.01
0.45	1460.65
0.5	1483.35
0.55	1498.1
0.6	1506.89
0.65	1509.7
0.7	1508.54
0.8	1495.28
0.9	1473.07
1.00	1444.89
1.10	1413.75
1.20	1379.62
1.30	1345.52
1.40	1312.43
1.50	1278.35
1.60	1246.28
1.70	1215.21
1.80	1185.15
2.00	1129.05
2.25	1064.95
2.50	1007.87
2.75	956.703
3.00	910.946
3.25	869.696
3.50	832.353
3.75	798.515
4.00	767.682
4.50	713.325
5.00	667.179
5.50	627.341
6.00	592.609
6.50	562.081
7.00	534.957
8.00	488.718
9.00	452.987
10.00	418.961
