0.000999999	168.43
0.0011	171.45
0.0012	174.25
0.0013	176.85
0.0014	179.29
0.0015	181.6
0.0016	183.79
0.0017	185.88
0.0018	187.87
0.002	191.71
0.00225	196.08
0.0025	200.21
0.00275	204.12
0.003	207.82
0.00325	211.39
0.0035	214.85
0.00375	218.28
0.004	221.48
0.0045	227.79
0.005	233.84
0.0055	239.71
0.006	245.46
0.0065	250.97
0.007	256.33
0.008	266.74
0.009	276.96
0.01	286.72
0.011	296.06
0.012	305.23
0.013	314.31
0.014	323.25
0.015	332.23
0.016	341.04
0.017	349.76
0.018	358.38
0.02	375.26
0.0225	395.69
0.025	415.44
0.0275	434.56
0.03	453.08
0.0325	470.87
0.035	488.2
0.0375	505.05
0.04	521.41
0.045	552.85
0.05	582.76
0.055	611.17
0.06	638.44
0.065	664.54
0.07	689.63
0.08	736.98
0.09	781.07
0.1	822.15
0.11	860.77
0.12	896.9
0.13	930.911
0.14	962.996
0.15	993.34
0.16	1022.13
0.17	1048.76
0.18	1074.43
0.2	1121.85
0.225	1174.25
0.25	1219.76
0.275	1260.35
0.3	1295.99
0.325	1326.69
0.35	1353.42
0.375	1377.18
0.4	1396.97
0.45	1429.61
0.5	1452.32
0.55	1468.07
0.6	1476.86
0.65	1480.68
0.7	1479.52
0.8	1468.26
0.9	1448.05
1.00	1421.87
1.10	1391.73
1.20	1359.61
1.30	1326.51
1.40	1293.41
1.50	1261.33
1.60	1229.26
1.70	1199.2
1.80	1170.14
2.00	1115.05
2.25	1051.95
2.50	996.264
2.75	946.197
3.00	901.139
3.25	860.49
3.50	823.647
3.75	790.21
4.00	759.677
4.50	706.021
5.00	660.375
5.50	620.938
6.00	586.506
6.50	556.278
7.00	529.355
8.00	483.515
9.00	448.184
10.00	414.659
