0.000999999	171.01
0.0011	174.04
0.0012	176.83
0.0013	179.43
0.0014	181.87
0.0015	184.17
0.0016	186.35
0.0017	188.44
0.0018	190.38
0.002	194.17
0.00225	198.57
0.0025	202.74
0.00275	206.6
0.003	210.34
0.00325	213.97
0.0035	217.38
0.00375	220.77
0.004	224.03
0.0045	230.37
0.005	236.35
0.0055	242.26
0.006	247.96
0.0065	253.53
0.007	258.95
0.008	269.37
0.009	279.63
0.01	289.44
0.011	298.93
0.012	308.17
0.013	317.3
0.014	326.31
0.015	335.17
0.016	344.05
0.017	352.85
0.018	361.55
0.02	378.59
0.0225	399.38
0.025	419.5
0.0275	438.89
0.03	457.69
0.0325	475.96
0.035	493.68
0.0375	510.81
0.04	527.55
0.045	559.57
0.05	590.16
0.055	619.26
0.06	647.11
0.065	673.79
0.07	699.48
0.08	748.01
0.09	793.09
0.1	835.16
0.11	874.57
0.12	911.59
0.13	946.397
0.14	979.276
0.15	1010.62
0.16	1039.2
0.17	1066.83
0.18	1093.5
0.2	1140.91
0.225	1194.31
0.25	1241.81
0.275	1282.39
0.3	1318.03
0.325	1349.72
0.35	1376.45
0.375	1400.21
0.4	1420
0.45	1452.64
0.5	1475.34
0.55	1490.09
0.6	1498.88
0.65	1501.7
0.7	1500.54
0.8	1488.27
0.9	1467.06
1.00	1438.89
1.10	1407.74
1.20	1374.62
1.30	1340.51
1.40	1307.42
1.50	1274.34
1.60	1242.27
1.70	1211.21
1.80	1181.15
2.00	1125.05
2.25	1060.95
2.50	1004.87
2.75	953.802
3.00	908.244
3.25	867.194
3.50	829.951
3.75	796.214
4.00	765.48
4.50	711.324
5.00	665.278
5.50	625.54
6.00	590.908
6.50	560.48
7.00	533.357
8.00	487.217
9.00	451.586
10.00	417.761
