0.000999999	177.2
0.0011	180.51
0.0012	183.55
0.0013	186.4
0.0014	189.07
0.0015	191.6
0.0016	194.03
0.0017	196.26
0.0018	198.49
0.002	202.66
0.00225	207.55
0.0025	212.1
0.00275	216.45
0.003	220.57
0.00325	224.49
0.0035	228.38
0.00375	232.06
0.004	235.71
0.0045	242.63
0.005	249.39
0.0055	255.78
0.006	262.06
0.0065	268.22
0.007	274.12
0.008	285.53
0.009	296.37
0.01	306.66
0.011	316.44
0.012	326.06
0.013	335.48
0.014	344.78
0.015	354.03
0.016	363.01
0.017	372
0.018	380.79
0.02	397.92
0.0225	418.69
0.025	438.61
0.0275	457.89
0.03	476.38
0.0325	494.24
0.035	511.55
0.0375	528.39
0.04	544.72
0.045	575.94
0.05	605.52
0.055	633.71
0.06	660.66
0.065	686.44
0.07	711.13
0.08	757.75
0.09	801.03
0.1	841.29
0.11	879.1
0.12	914.41
0.13	947.72
0.14	979.098
0.15	1008.63
0.16	1036.22
0.17	1062.85
0.18	1088.51
0.2	1134.93
0.225	1186.32
0.25	1230.82
0.275	1270.4
0.3	1306.04
0.325	1335.73
0.35	1362.46
0.375	1386.22
0.4	1407.01
0.45	1438.64
0.5	1462.35
0.55	1478.1
0.6	1486.88
0.65	1491.7
0.7	1491.54
0.8	1481.28
0.9	1461.06
1.00	1435.89
1.10	1405.75
1.20	1373.62
1.30	1341.52
1.40	1308.43
1.50	1276.34
1.60	1245.27
1.70	1214.21
1.80	1185.15
2.00	1129.05
2.25	1065.95
2.50	1009.87
2.75	958.603
3.00	912.745
3.25	871.395
3.50	833.852
3.75	799.715
4.00	768.481
4.50	713.625
5.00	666.879
5.50	626.541
6.00	591.309
6.50	560.281
7.00	532.757
8.00	485.918
9.00	450.586
10.00	416.961
